6.000000
5.999800
5.999600
5.999400
5.999200
5.999000
5.998800
5.998600
5.998400
5.998200
5.998000
5.997800
5.997600
5.997400
5.997200
5.997000
5.996800
5.996600
5.996400
5.996200
5.996000
5.995800
5.995600
5.995400
5.995200
5.995000
5.994800
5.994600
5.994400
5.994200
5.994000
5.993800
5.993600
5.993400
5.993200
5.993000
5.992800
5.992600
5.992400
5.992200
5.992000
5.991800
5.991600
5.991400
5.991200
5.991000
5.990800
5.990600
5.990400
5.990200
5.990000
5.989800
5.989600
5.989400
5.989200
5.989000
5.988800
5.988600
5.988400
5.988200
5.988000
5.987800
5.987600
5.987400
5.987200
5.987000
5.986800
5.986600
5.986400
5.986200
5.986000
5.985800
5.985600
5.985400
5.985200
5.985000
5.984800
5.984600
5.984400
5.984200
5.984000
5.983800
5.983600
5.983400
5.983200
5.983000
5.982800
5.982600
5.982400
5.982200
5.982000
5.981800
5.981600
5.981400
5.981200
5.981000
5.980800
5.980600
5.980400
5.980200
5.980000
5.979800
5.979600
5.979400
5.979200
5.979000
5.978800
5.978600
5.978400
5.978200
5.978000
5.977800
5.977600
5.977400
5.977200
5.977000
5.976800
5.976600
5.976400
5.976200
5.976000
5.975800
5.975600
5.975400
5.975200
5.975000
5.974800
5.974600
5.974400
5.974200
5.974000
5.973800
5.973600
5.973400
5.973200
5.973000
5.972800
5.972600
5.972400
5.972200
5.972000
5.971800
5.971600
5.971400
5.971200
5.971000
5.970800
5.970600
5.970400
5.970200
5.970000
5.969800
5.969600
5.969400
5.969200
5.969000
5.968800
5.968600
5.968400
5.968200
5.968000
5.967800
5.967600
5.967400
5.967200
5.967000
5.966800
5.966600
5.966400
5.966200
5.966000
5.965800
5.965600
5.965400
5.965200
5.965000
5.964800
5.964600
5.964400
5.964200
5.964000
5.963800
5.963600
5.963400
5.963200
5.963000
5.962800
5.962600
5.962400
5.962200
5.962000
5.961800
5.961600
5.961400
5.961200
5.961000
5.960800
5.960600
5.960400
5.960200
5.960000
5.959800
5.959600
5.959400
5.959200
5.959000
5.958800
5.958600
5.958400
5.958200
5.958000
5.957800
5.957600
5.957400
5.957200
5.957000
5.956800
5.956600
5.956400
5.956200
5.956000
5.955800
5.955600
5.955400
5.955200
5.955000
5.954800
5.954600
5.954400
5.954200
5.954000
5.953800
5.953600
5.953400
5.953200
5.953000
5.952800
5.952600
5.952400
5.952200
5.952000
5.951800
5.951600
5.951400
5.951200
5.951000
5.950800
5.950600
5.950400
5.950200
5.950000
5.949800
5.949600
5.949400
5.949200
5.949000
5.948800
5.948600
5.948400
5.948200
5.948000
5.947800
5.947600
5.947400
5.947200
5.947000
5.946800
5.946600
5.946400
5.946200
5.946000
5.945800
5.945600
5.945400
5.945200
5.945000
5.944800
5.944600
5.944400
5.944200
5.944000
5.943800
5.943600
5.943400
5.943200
5.943000
5.942800
5.942600
5.942400
5.942200
5.942000
5.941800
5.941600
5.941400
5.941200
5.941000
5.940800
5.940600
5.940400
5.940200
5.940000
5.939800
5.939600
5.939400
5.939200
5.939000
5.938800
5.938600
5.938400
5.938200
5.938000
5.937800
5.937600
5.937400
5.937200
5.937000
5.936800
5.936600
5.936400
5.936200
5.936000
5.935800
5.935600
5.935400
5.935200
5.935000
5.934800
5.934600
5.934400
5.934200
5.934000
5.933800
5.933600
5.933400
5.933200
5.933000
5.932800
5.932600
5.932400
5.932200
5.932000
5.931800
5.931600
5.931400
5.931200
5.931000
5.930800
5.930600
5.930400
5.930200
5.930000
5.929800
5.929600
5.929400
5.929200
5.929000
5.928800
5.928600
5.928400
5.928200
5.928000
5.927800
5.927600
5.927400
5.927200
5.927000
5.926800
5.926600
5.926400
5.926200
5.926000
5.925800
5.925600
5.925400
5.925200
5.925000
5.924800
5.924600
5.924400
5.924200
5.924000
5.923800
5.923600
5.923400
5.923200
5.923000
5.922800
5.922600
5.922400
5.922200
5.922000
5.921800
5.921600
5.921400
5.921200
5.921000
5.920800
5.920600
5.920400
5.920200
5.920000
5.919800
5.919600
5.919400
5.919200
5.919000
5.918800
5.918600
5.918400
5.918200
5.918000
5.917800
5.917600
5.917400
5.917200
5.917000
5.916800
5.916600
5.916400
5.916200
5.916000
5.915800
5.915600
5.915400
5.915200
5.915000
5.914800
5.914600
5.914400
5.914200
5.914000
5.913800
5.913600
5.913400
5.913200
5.913000
5.912800
5.912600
5.912400
5.912200
5.912000
5.911800
5.911600
5.911400
5.911200
5.911000
5.910800
5.910600
5.910400
5.910200
5.910000
5.909800
5.909600
5.909400
5.909200
5.909000
5.908800
5.908600
5.908400
5.908200
5.908000
5.907800
5.907600
5.907400
5.907200
5.907000
5.906800
5.906600
5.906400
5.906200
5.906000
5.905800
5.905600
5.905400
5.905200
5.905000
5.904800
5.904600
5.904400
5.904200
5.904000
5.903800
5.903600
5.903400
5.903200
5.903000
5.902800
5.902600
5.902400
5.902200
5.902000
5.901800
5.901600
5.901400
5.901200
5.901000
5.900800
5.900600
5.900400
5.900200
5.900000
5.899800
5.899600
5.899400
5.899200
5.899000
5.898800
5.898600
5.898400
5.898200
5.898000
5.897800
5.897600
5.897400
5.897200
5.897000
5.896800
5.896600
5.896400
5.896200
5.896000
5.895800
5.895600
5.895400
5.895200
5.895000
5.894800
5.894600
5.894400
5.894200
5.894000
5.893800
5.893600
5.893400
5.893200
5.893000
5.892800
5.892600
5.892400
5.892200
5.892000
5.891800
5.891600
5.891400
5.891200
5.891000
5.890800
5.890600
5.890400
5.890200
5.890000
5.889800
5.889600
5.889400
5.889200
5.889000
5.888800
5.888600
5.888400
5.888200
5.888000
5.887800
5.887600
5.887400
5.887200
5.887000
5.886800
5.886600
5.886400
5.886200
5.886000
5.885800
5.885600
5.885400
5.885200
5.885000
5.884800
5.884600
5.884400
5.884200
5.884000
5.883800
5.883600
5.883400
5.883200
5.883000
5.882800
5.882600
5.882400
5.882200
5.882000
5.881800
5.881600
5.881400
5.881200
5.881000
5.880800
5.880600
5.880400
5.880200
5.880000
5.879800
5.879600
5.879400
5.879200
5.879000
5.878800
5.878600
5.878400
5.878200
5.878000
5.877800
5.877600
5.877400
5.877200
5.877000
5.876800
5.876600
5.876400
5.876200
5.876000
5.875800
5.875600
5.875400
5.875200
5.875000
5.874800
5.874600
5.874400
5.874200
5.874000
5.873800
5.873600
5.873400
5.873200
5.873000
5.872800
5.872600
5.872400
5.872200
5.872000
5.871800
5.871600
5.871400
5.871200
5.871000
5.870800
5.870600
5.870400
5.870200
5.870000
5.869800
5.869600
5.869400
5.869200
5.869000
5.868800
5.868600
5.868400
5.868200
5.868000
5.867800
5.867600
5.867400
5.867200
5.867000
5.866800
5.866600
5.866400
5.866200
5.866000
5.865800
5.865600
5.865400
5.865200
5.865000
5.864800
5.864600
5.864400
5.864200
5.864000
5.863800
5.863600
5.863400
5.863200
5.863000
5.862800
5.862600
5.862400
5.862200
5.862000
5.861800
5.861600
5.861400
5.861200
5.861000
5.860800
5.860600
5.860400
5.860200
5.860000
5.859800
5.859600
5.859400
5.859200
5.859000
5.858800
5.858600
5.858400
5.858200
5.858000
5.857800
5.857600
5.857400
5.857200
5.857000
5.856800
5.856600
5.856400
5.856200
5.856000
5.855800
5.855600
5.855400
5.855200
5.855000
5.854800
5.854600
5.854400
5.854200
5.854000
5.853800
5.853600
5.853400
5.853200
5.853000
5.852800
5.852600
5.852400
5.852200
5.852000
5.851800
5.851600
5.851400
5.851200
5.851000
5.850800
5.850600
5.850400
5.850200
5.850000
5.849800
5.849600
5.849400
5.849200
5.849000
5.848800
5.848600
5.848400
5.848200
5.848000
5.847800
5.847600
5.847400
5.847200
5.847000
5.846800
5.846600
5.846400
5.846200
5.846000
5.845800
5.845600
5.845400
5.845200
5.845000
5.844800
5.844600
5.844400
5.844200
5.844000
5.843800
5.843600
5.843400
5.843200
5.843000
5.842800
5.842600
5.842400
5.842200
5.842000
5.841800
5.841600
5.841400
5.841200
5.841000
5.840800
5.840600
5.840400
5.840200
5.840000
5.839800
5.839600
5.839400
5.839200
5.839000
5.838800
5.838600
5.838400
5.838200
5.838000
5.837800
5.837600
5.837400
5.837200
5.837000
5.836800
5.836600
5.836400
5.836200
5.836000
5.835800
5.835600
5.835400
5.835200
5.835000
5.834800
5.834600
5.834400
5.834200
5.834000
5.833800
5.833600
5.833400
5.833200
5.833000
5.832800
5.832600
5.832400
5.832200
5.832000
5.831800
5.831600
5.831400
5.831200
5.831000
5.830800
5.830600
5.830400
5.830200
5.830000
5.829800
5.829600
5.829400
5.829200
5.829000
5.828800
5.828600
5.828400
5.828200
5.828000
5.827800
5.827600
5.827400
5.827200
5.827000
5.826800
5.826600
5.826400
5.826200
5.826000
5.825800
5.825600
5.825400
5.825200
5.825000
5.824800
5.824600
5.824400
5.824200
5.824000
5.823800
5.823600
5.823400
5.823200
5.823000
5.822800
5.822600
5.822400
5.822200
5.822000
5.821800
5.821600
5.821400
5.821200
5.821000
5.820800
5.820600
5.820400
5.820200
5.820000
5.819800
5.819600
5.819400
5.819200
5.819000
5.818800
5.818600
5.818400
5.818200
5.818000
5.817800
5.817600
5.817400
5.817200
5.817000
5.816800
5.816600
5.816400
5.816200
5.816000
5.815800
5.815600
5.815400
5.815200
5.815000
5.814800
5.814600
5.814400
5.814200
5.814000
5.813800
5.813600
5.813400
5.813200
5.813000
5.812800
5.812600
5.812400
5.812200
5.812000
5.811800
5.811600
5.811400
5.811200
5.811000
5.810800
5.810600
5.810400
5.810200
5.810000
5.809800
5.809600
5.809400
5.809200
5.809000
5.808800
5.808600
5.808400
5.808200
5.808000
5.807800
5.807600
5.807400
5.807200
5.807000
5.806800
5.806600
5.806400
5.806200
5.806000
5.805800
5.805600
5.805400
5.805200
5.805000
5.804800
5.804600
5.804400
5.804200
5.804000
5.803800
5.803600
5.803400
5.803200
5.803000
5.802800
5.802600
5.802400
5.802200
5.802000
5.801800
5.801600
5.801400
5.801200
5.801000
5.800800
5.800600
5.800400
5.800200
5.800000
5.799800
5.799600
5.799400
5.799200
5.799000
5.798800
5.798600
5.798400
5.798200
5.798000
5.797800
5.797600
5.797400
5.797200
5.797000
5.796800
5.796600
5.796400
5.796200
5.796000
5.795800
5.795600
5.795400
5.795200
5.795000
5.794800
5.794600
5.794400
5.794200
5.794000
5.793800
5.793600
5.793400
5.793200
5.793000
5.792800
5.792600
5.792400
5.792200
5.792000
5.791800
5.791600
5.791400
5.791200
5.791000
5.790800
5.790600
5.790400
5.790200
5.790000
5.789800
5.789600
5.789400
5.789200
5.789000
5.788800
5.788600
5.788400
5.788200
5.788000
5.787800
5.787600
5.787400
5.787200
5.787000
5.786800
5.786600
5.786400
5.786200
5.786000
5.785800
5.785600
5.785400
5.785200
5.785000
5.784800
5.784600
5.784400
5.784200
5.784000
5.783800
5.783600
5.783400
5.783200
5.783000
5.782800
5.782600
5.782400
5.782200
5.782000
5.781800
5.781600
5.781400
5.781200
5.781000
5.780800
5.780600
5.780400
5.780200
5.780000
5.779800
5.779600
5.779400
5.779200
5.779000
5.778800
5.778600
5.778400
5.778200
5.778000
5.777800
5.777600
5.777400
5.777200
5.777000
5.776800
5.776600
5.776400
5.776200
5.776000
5.775800
5.775600
5.775400
5.775200
5.775000
5.774800
5.774600
5.774400
5.774200
5.774000
5.773800
5.773600
5.773400
5.773200
5.773000
5.772800
5.772600
5.772400
5.772200
5.772000
5.771800
5.771600
5.771400
5.771200
5.771000
5.770800
5.770600
5.770400
5.770200
5.770000
5.769800
5.769600
5.769400
5.769200
5.769000
5.768800
5.768600
5.768400
5.768200
5.768000
5.767800
5.767600
5.767400
5.767200
5.767000
5.766800
5.766600
5.766400
5.766200
5.766000
5.765800
5.765600
5.765400
5.765200
5.765000
5.764800
5.764600
5.764400
5.764200
5.764000
5.763800
5.763600
5.763400
5.763200
5.763000
5.762800
5.762600
5.762400
5.762200
5.762000
5.761800
5.761600
5.761400
5.761200
5.761000
5.760800
5.760600
5.760400
5.760200
5.760000
5.759800
5.759600
5.759400
5.759200
5.759000
5.758800
5.758600
5.758400
5.758200
5.758000
5.757800
5.757600
5.757400
5.757200
5.757000
5.756800
5.756600
5.756400
5.756200
5.756000
5.755800
5.755600
5.755400
5.755200
5.755000
5.754800
5.754600
5.754400
5.754200
5.754000
5.753800
5.753600
5.753400
5.753200
5.753000
5.752800
5.752600
5.752400
5.752200
5.752000
5.751800
5.751600
5.751400
5.751200
5.751000
5.750800
5.750600
5.750400
5.750200
5.750000
5.749800
5.749600
5.749400
5.749200
5.749000
5.748800
5.748600
5.748400
5.748200
5.748000
5.747800
5.747600
5.747400
5.747200
5.747000
5.746800
5.746600
5.746400
5.746200
5.746000
5.745800
5.745600
5.745400
5.745200
5.745000
5.744800
5.744600
5.744400
5.744200
5.744000
5.743800
5.743600
5.743400
5.743200
5.743000
5.742800
5.742600
5.742400
5.742200
5.742000
5.741800
5.741600
5.741400
5.741200
5.741000
5.740800
5.740600
5.740400
5.740200
5.740000
5.739800
5.739600
5.739400
5.739200
5.739000
5.738800
5.738600
5.738400
5.738200
5.738000
5.737800
5.737600
5.737400
5.737200
5.737000
5.736800
5.736600
5.736400
5.736200
5.736000
5.735800
5.735600
5.735400
5.735200
5.735000
5.734800
5.734600
5.734400
5.734200
5.734000
5.733800
5.733600
5.733400
5.733200
5.733000
5.732800
5.732600
5.732400
5.732200
5.732000
5.731800
5.731600
5.731400
5.731200
5.731000
5.730800
5.730600
5.730400
5.730200
5.730000
5.729800
5.729600
5.729400
5.729200
5.729000
5.728800
5.728600
5.728400
5.728200
5.728000
5.727800
5.727600
5.727400
5.727200
5.727000
5.726800
5.726600
5.726400
5.726200
5.726000
5.725800
5.725600
5.725400
5.725200
5.725000
5.724800
5.724600
5.724400
5.724200
5.724000
5.723800
5.723600
5.723400
5.723200
5.723000
5.722800
5.722600
5.722400
5.722200
5.722000
5.721800
5.721600
5.721400
5.721200
5.721000
5.720800
5.720600
5.720400
5.720200
5.720000
5.719800
5.719600
5.719400
5.719200
5.719000
5.718800
5.718600
5.718400
5.718200
5.718000
5.717800
5.717600
5.717400
5.717200
5.717000
5.716800
5.716600
5.716400
5.716200
5.716000
5.715800
5.715600
5.715400
5.715200
5.715000
5.714800
5.714600
5.714400
5.714200
5.714000
5.713800
5.713600
5.713400
5.713200
5.713000
5.712800
5.712600
5.712400
5.712200
5.712000
5.711800
5.711600
5.711400
5.711200
5.711000
5.710800
5.710600
5.710400
5.710200
5.710000
5.709800
5.709600
5.709400
5.709200
5.709000
5.708800
5.708600
5.708400
5.708200
5.708000
5.707800
5.707600
5.707400
5.707200
5.707000
5.706800
5.706600
5.706400
5.706200
5.706000
5.705800
5.705600
5.705400
5.705200
5.705000
5.704800
5.704600
5.704400
5.704200
5.704000
5.703800
5.703600
5.703400
5.703200
5.703000
5.702800
5.702600
5.702400
5.702200
5.702000
5.701800
5.701600
5.701400
5.701200
5.701000
5.700800
5.700600
5.700400
5.700200
5.700000
5.699800
5.699600
5.699400
5.699200
5.699000
5.698800
5.698600
5.698400
5.698200
5.698000
5.697800
5.697600
5.697400
5.697200
5.697000
5.696800
5.696600
5.696400
5.696200
5.696000
5.695800
5.695600
5.695400
5.695200
5.695000
5.694800
5.694600
5.694400
5.694200
5.694000
5.693800
5.693600
5.693400
5.693200
5.693000
5.692800
5.692600
5.692400
5.692200
5.692000
5.691800
5.691600
5.691400
5.691200
5.691000
5.690800
5.690600
5.690400
5.690200
5.690000
5.689800
5.689600
5.689400
5.689200
5.689000
5.688800
5.688600
5.688400
5.688200
5.688000
5.687800
5.687600
5.687400
5.687200
5.687000
5.686800
5.686600
5.686400
5.686200
5.686000
5.685800
5.685600
5.685400
5.685200
5.685000
5.684800
5.684600
5.684400
5.684200
5.684000
5.683800
5.683600
5.683400
5.683200
5.683000
5.682800
5.682600
5.682400
5.682200
5.682000
5.681800
5.681600
5.681400
5.681200
5.681000
5.680800
5.680600
5.680400
5.680200
5.680000
5.679800
5.679600
5.679400
5.679200
5.679000
5.678800
5.678600
5.678400
5.678200
5.678000
5.677800
5.677600
5.677400
5.677200
5.677000
5.676800
5.676600
5.676400
5.676200
5.676000
5.675800
5.675600
5.675400
5.675200
5.675000
5.674800
5.674600
5.674400
5.674200
5.674000
5.673800
5.673600
5.673400
5.673200
5.673000
5.672800
5.672600
5.672400
5.672200
5.672000
5.671800
5.671600
5.671400
5.671200
5.671000
5.670800
5.670600
5.670400
5.670200
5.670000
5.669800
5.669600
5.669400
5.669200
5.669000
5.668800
5.668600
5.668400
5.668200
5.668000
5.667800
5.667600
5.667400
5.667200
5.667000
5.666800
5.666600
5.666400
5.666200
5.666000
5.665800
5.665600
5.665400
5.665200
5.665000
5.664800
5.664600
5.664400
5.664200
5.664000
5.663800
5.663600
5.663400
5.663200
5.663000
5.662800
5.662600
5.662400
5.662200
5.662000
5.661800
5.661600
5.661400
5.661200
5.661000
5.660800
5.660600
5.660400
5.660200
5.660000
5.659800
5.659600
5.659400
5.659200
5.659000
5.658800
5.658600
5.658400
5.658200
5.658000
5.657800
5.657600
5.657400
5.657200
5.657000
5.656800
5.656600
5.656400
5.656200
5.656000
5.655800
5.655600
5.655400
5.655200
5.655000
5.654800
5.654600
5.654400
5.654200
5.654000
5.653800
5.653600
5.653400
5.653200
5.653000
5.652800
5.652600
5.652400
5.652200
5.652000
5.651800
5.651600
5.651400
5.651200
5.651000
5.650800
5.650600
5.650400
5.650200
5.650000
5.649800
5.649600
5.649400
5.649200
5.649000
5.648800
5.648600
5.648400
5.648200
5.648000
5.647800
5.647600
5.647400
5.647200
5.647000
5.646800
5.646600
5.646400
5.646200
5.646000
5.645800
5.645600
5.645400
5.645200
5.645000
5.644800
5.644600
5.644400
5.644200
5.644000
5.643800
5.643600
5.643400
5.643200
5.643000
5.642800
5.642600
5.642400
5.642200
5.642000
5.641800
5.641600
5.641400
5.641200
5.641000
5.640800
5.640600
5.640400
5.640200
5.640000
5.639800
5.639600
5.639400
5.639200
5.639000
5.638800
5.638600
5.638400
5.638200
5.638000
5.637800
5.637600
5.637400
5.637200
5.637000
5.636800
5.636600
5.636400
5.636200
5.636000
5.635800
5.635600
5.635400
5.635200
5.635000
5.634800
5.634600
5.634400
5.634200
5.634000
5.633800
5.633600
5.633400
5.633200
5.633000
5.632800
5.632600
5.632400
5.632200
5.632000
5.631800
5.631600
5.631400
5.631200
5.631000
5.630800
5.630600
5.630400
5.630200
5.630000
5.629800
5.629600
5.629400
5.629200
5.629000
5.628800
5.628600
5.628400
5.628200
5.628000
5.627800
5.627600
5.627400
5.627200
5.627000
5.626800
5.626600
5.626400
5.626200
5.626000
5.625800
5.625600
5.625400
5.625200
5.625000
5.624800
5.624600
5.624400
5.624200
5.624000
5.623800
5.623600
5.623400
5.623200
5.623000
5.622800
5.622600
5.622400
5.622200
5.622000
5.621800
5.621600
5.621400
5.621200
5.621000
5.620800
5.620600
5.620400
5.620200
5.620000
5.619800
5.619600
5.619400
5.619200
5.619000
5.618800
5.618600
5.618400
5.618200
5.618000
5.617800
5.617600
5.617400
5.617200
5.617000
5.616800
5.616600
5.616400
5.616200
5.616000
5.615800
5.615600
5.615400
5.615200
5.615000
5.614800
5.614600
5.614400
5.614200
5.614000
5.613800
5.613600
5.613400
5.613200
5.613000
5.612800
5.612600
5.612400
5.612200
5.612000
5.611800
5.611600
5.611400
5.611200
5.611000
5.610800
5.610600
5.610400
5.610200
5.610000
5.609800
5.609600
5.609400
5.609200
5.609000
5.608800
5.608600
5.608400
5.608200
5.608000
5.607800
5.607600
5.607400
5.607200
5.607000
5.606800
5.606600
5.606400
5.606200
5.606000
5.605800
5.605600
5.605400
5.605200
5.605000
5.604800
5.604600
5.604400
5.604200
5.604000
5.603800
5.603600
5.603400
5.603200
5.603000
5.602800
5.602600
5.602400
5.602200
5.602000
5.601800
5.601600
5.601400
5.601200
5.601000
5.600800
5.600600
5.600400
5.600200
5.600000
5.599800
5.599600
5.599400
5.599200
5.599000
5.598800
5.598600
5.598400
5.598200
5.598000
5.597800
5.597600
5.597400
5.597200
5.597000
5.596800
5.596600
5.596400
5.596200
5.596000
5.595800
5.595600
5.595400
5.595200
5.595000
5.594800
5.594600
5.594400
5.594200
5.594000
5.593800
5.593600
5.593400
5.593200
5.593000
5.592800
5.592600
5.592400
5.592200
5.592000
5.591800
5.591600
5.591400
5.591200
5.591000
5.590800
5.590600
5.590400
5.590200
5.590000
5.589800
5.589600
5.589400
5.589200
5.589000
5.588800
5.588600
5.588400
5.588200
5.588000
5.587800
5.587600
5.587400
5.587200
5.587000
5.586800
5.586600
5.586400
5.586200
5.586000
5.585800
5.585600
5.585400
5.585200
5.585000
5.584800
5.584600
5.584400
5.584200
5.584000
5.583800
5.583600
5.583400
5.583200
5.583000
5.582800
5.582600
5.582400
5.582200
5.582000
5.581800
5.581600
5.581400
5.581200
5.581000
5.580800
5.580600
5.580400
5.580200
5.580000
5.579800
5.579600
5.579400
5.579200
5.579000
5.578800
5.578600
5.578400
5.578200
5.578000
5.577800
5.577600
5.577400
5.577200
5.577000
5.576800
5.576600
5.576400
5.576200
5.576000
5.575800
5.575600
5.575400
5.575200
5.575000
5.574800
5.574600
5.574400
5.574200
5.574000
5.573800
5.573600
5.573400
5.573200
5.573000
5.572800
5.572600
5.572400
5.572200
5.572000
5.571800
5.571600
5.571400
5.571200
5.571000
5.570800
5.570600
5.570400
5.570200
5.570000
5.569800
5.569600
5.569400
5.569200
5.569000
5.568800
5.568600
5.568400
5.568200
5.568000
5.567800
5.567600
5.567400
5.567200
5.567000
5.566800
5.566600
5.566400
5.566200
5.566000
5.565800
5.565600
5.565400
5.565200
5.565000
5.564800
5.564600
5.564400
5.564200
5.564000
5.563800
5.563600
5.563400
5.563200
5.563000
5.562800
5.562600
5.562400
5.562200
5.562000
5.561800
5.561600
5.561400
5.561200
5.561000
5.560800
5.560600
5.560400
5.560200
5.560000
5.559800
5.559600
5.559400
5.559200
5.559000
5.558800
5.558600
5.558400
5.558200
5.558000
5.557800
5.557600
5.557400
5.557200
5.557000
5.556800
5.556600
5.556400
5.556200
5.556000
5.555800
5.555600
5.555400
5.555200
5.555000
5.554800
5.554600
5.554400
5.554200
5.554000
5.553800
5.553600
5.553400
5.553200
5.553000
5.552800
5.552600
5.552400
5.552200
5.552000
5.551800
5.551600
5.551400
5.551200
5.551000
5.550800
5.550600
5.550400
5.550200
5.550000
5.549800
5.549600
5.549400
5.549200
5.549000
5.548800
5.548600
5.548400
5.548200
5.548000
5.547800
5.547600
5.547400
5.547200
5.547000
5.546800
5.546600
5.546400
5.546200
5.546000
5.545800
5.545600
5.545400
5.545200
5.545000
5.544800
5.544600
5.544400
5.544200
5.544000
5.543800
5.543600
5.543400
5.543200
5.543000
5.542800
5.542600
5.542400
5.542200
5.542000
5.541800
5.541600
5.541400
5.541200
5.541000
5.540800
5.540600
5.540400
5.540200
5.540000
5.539800
5.539600
5.539400
5.539200
5.539000
5.538800
5.538600
5.538400
5.538200
5.538000
5.537800
5.537600
5.537400
5.537200
5.537000
5.536800
5.536600
5.536400
5.536200
5.536000
5.535800
5.535600
5.535400
5.535200
5.535000
5.534800
5.534600
5.534400
5.534200
5.534000
5.533800
5.533600
5.533400
5.533200
5.533000
5.532800
5.532600
5.532400
5.532200
5.532000
5.531800
5.531600
5.531400
5.531200
5.531000
5.530800
5.530600
5.530400
5.530200
5.530000
5.529800
5.529600
5.529400
5.529200
5.529000
5.528800
5.528600
5.528400
5.528200
5.528000
5.527800
5.527600
5.527400
5.527200
5.527000
5.526800
5.526600
5.526400
5.526200
5.526000
5.525800
5.525600
5.525400
5.525200
5.525000
5.524800
5.524600
5.524400
5.524200
5.524000
5.523800
5.523600
5.523400
5.523200
5.523000
5.522800
5.522600
5.522400
5.522200
5.522000
5.521800
5.521600
5.521400
5.521200
5.521000
5.520800
5.520600
5.520400
5.520200
5.520000
5.519800
5.519600
5.519400
5.519200
5.519000
5.518800
5.518600
5.518400
5.518200
5.518000
5.517800
5.517600
5.517400
5.517200
5.517000
5.516800
5.516600
5.516400
5.516200
5.516000
5.515800
5.515600
5.515400
5.515200
5.515000
5.514800
5.514600
5.514400
5.514200
5.514000
5.513800
5.513600
5.513400
5.513200
5.513000
5.512800
5.512600
5.512400
5.512200
5.512000
5.511800
5.511600
5.511400
5.511200
5.511000
5.510800
5.510600
5.510400
5.510200
5.510000
5.509800
5.509600
5.509400
5.509200
5.509000
5.508800
5.508600
5.508400
5.508200
5.508000
5.507800
5.507600
5.507400
5.507200
5.507000
5.506800
5.506600
5.506400
5.506200
5.506000
5.505800
5.505600
5.505400
5.505200
5.505000
5.504800
5.504600
5.504400
5.504200
5.504000
5.503800
5.503600
5.503400
5.503200
5.503000
5.502800
5.502600
5.502400
5.502200
5.502000
5.501800
5.501600
5.501400
5.501200
5.501000
5.500800
5.500600
5.500400
5.500200
5.500000
5.499800
5.499600
5.499400
5.499200
5.499000
5.498800
5.498600
5.498400
5.498200
5.498000
5.497800
5.497600
5.497400
5.497200
5.497000
5.496800
5.496600
5.496400
5.496200
5.496000
5.495800
5.495600
5.495400
5.495200
5.495000
5.494800
5.494600
5.494400
5.494200
5.494000
5.493800
5.493600
5.493400
5.493200
5.493000
5.492800
5.492600
5.492400
5.492200
5.492000
5.491800
5.491600
5.491400
5.491200
5.491000
5.490800
5.490600
5.490400
5.490200
5.490000
5.489800
5.489600
5.489400
5.489200
5.489000
5.488800
5.488600
5.488400
5.488200
5.488000
5.487800
5.487600
5.487400
5.487200
5.487000
5.486800
5.486600
5.486400
5.486200
5.486000
5.485800
5.485600
5.485400
5.485200
5.485000
5.484800
5.484600
5.484400
5.484200
5.484000
5.483800
5.483600
5.483400
5.483200
5.483000
5.482800
5.482600
5.482400
5.482200
5.482000
5.481800
5.481600
5.481400
5.481200
5.481000
5.480800
5.480600
5.480400
5.480200
5.480000
5.479800
5.479600
5.479400
5.479200
5.479000
5.478800
5.478600
5.478400
5.478200
5.478000
5.477800
5.477600
5.477400
5.477200
5.477000
5.476800
5.476600
5.476400
5.476200
5.476000
5.475800
5.475600
5.475400
5.475200
5.475000
5.474800
5.474600
5.474400
5.474200
5.474000
5.473800
5.473600
5.473400
5.473200
5.473000
5.472800
5.472600
5.472400
5.472200
5.472000
5.471800
5.471600
5.471400
5.471200
5.471000
5.470800
5.470600
5.470400
5.470200
5.470000
5.469800
5.469600
5.469400
5.469200
5.469000
5.468800
5.468600
5.468400
5.468200
5.468000
5.467800
5.467600
5.467400
5.467200
5.467000
5.466800
5.466600
5.466400
5.466200
5.466000
5.465800
5.465600
5.465400
5.465200
5.465000
5.464800
5.464600
5.464400
5.464200
5.464000
5.463800
5.463600
5.463400
5.463200
5.463000
5.462800
5.462600
5.462400
5.462200
5.462000
5.461800
5.461600
5.461400
5.461200
5.461000
5.460800
5.460600
5.460400
5.460200
5.460000
5.459800
5.459600
5.459400
5.459200
5.459000
5.458800
5.458600
5.458400
5.458200
5.458000
5.457800
5.457600
5.457400
5.457200
5.457000
5.456800
5.456600
5.456400
5.456200
5.456000
5.455800
5.455600
5.455400
5.455200
5.455000
5.454800
5.454600
5.454400
5.454200
5.454000
5.453800
5.453600
5.453400
5.453200
5.453000
5.452800
5.452600
5.452400
5.452200
5.452000
5.451800
5.451600
5.451400
5.451200
5.451000
5.450800
5.450600
5.450400
5.450200
5.450000
5.449800
5.449600
5.449400
5.449200
5.449000
5.448800
5.448600
5.448400
5.448200
5.448000
5.447800
5.447600
5.447400
5.447200
5.447000
5.446800
5.446600
5.446400
5.446200
5.446000
5.445800
5.445600
5.445400
5.445200
5.445000
5.444800
5.444600
5.444400
5.444200
5.444000
5.443800
5.443600
5.443400
5.443200
5.443000
5.442800
5.442600
5.442400
5.442200
5.442000
5.441800
5.441600
5.441400
5.441200
5.441000
5.440800
5.440600
5.440400
5.440200
5.440000
5.439800
5.439600
5.439400
5.439200
5.439000
5.438800
5.438600
5.438400
5.438200
5.438000
5.437800
5.437600
5.437400
5.437200
5.437000
5.436800
5.436600
5.436400
5.436200
5.436000
5.435800
5.435600
5.435400
5.435200
5.435000
5.434800
5.434600
5.434400
5.434200
5.434000
5.433800
5.433600
5.433400
5.433200
5.433000
5.432800
5.432600
5.432400
5.432200
5.432000
5.431800
5.431600
5.431400
5.431200
5.431000
5.430800
5.430600
5.430400
5.430200
5.430000
5.429800
5.429600
5.429400
5.429200
5.429000
5.428800
5.428600
5.428400
5.428200
5.428000
5.427800
5.427600
5.427400
5.427200
5.427000
5.426800
5.426600
5.426400
5.426200
5.426000
5.425800
5.425600
5.425400
5.425200
5.425000
5.424800
5.424600
5.424400
5.424200
5.424000
5.423800
5.423600
5.423400
5.423200
5.423000
5.422800
5.422600
5.422400
5.422200
5.422000
5.421800
5.421600
5.421400
5.421200
5.421000
5.420800
5.420600
5.420400
5.420200
5.420000
5.419800
5.419600
5.419400
5.419200
5.419000
5.418800
5.418600
5.418400
5.418200
5.418000
5.417800
5.417600
5.417400
5.417200
5.417000
5.416800
5.416600
5.416400
5.416200
5.416000
5.415800
5.415600
5.415400
5.415200
5.415000
5.414800
5.414600
5.414400
5.414200
5.414000
5.413800
5.413600
5.413400
5.413200
5.413000
5.412800
5.412600
5.412400
5.412200
5.412000
5.411800
5.411600
5.411400
5.411200
5.411000
5.410800
5.410600
5.410400
5.410200
5.410000
5.409800
5.409600
5.409400
5.409200
5.409000
5.408800
5.408600
5.408400
5.408200
5.408000
5.407800
5.407600
5.407400
5.407200
5.407000
5.406800
5.406600
5.406400
5.406200
5.406000
5.405800
5.405600
5.405400
5.405200
5.405000
5.404800
5.404600
5.404400
5.404200
5.404000
5.403800
5.403600
5.403400
5.403200
5.403000
5.402800
5.402600
5.402400
5.402200
5.402000
5.401800
5.401600
5.401400
5.401200
5.401000
5.400800
5.400600
5.400400
5.400200
5.400000
5.399800
5.399600
5.399400
5.399200
5.399000
5.398800
5.398600
5.398400
5.398200
5.398000
5.397800
5.397600
5.397400
5.397200
5.397000
5.396800
5.396600
5.396400
5.396200
5.396000
5.395800
5.395600
5.395400
5.395200
5.395000
5.394800
5.394600
5.394400
5.394200
5.394000
5.393800
5.393600
5.393400
5.393200
5.393000
5.392800
5.392600
5.392400
5.392200
5.392000
5.391800
5.391600
5.391400
5.391200
5.391000
5.390800
5.390600
5.390400
5.390200
5.390000
5.389800
5.389600
5.389400
5.389200
5.389000
5.388800
5.388600
5.388400
5.388200
5.388000
5.387800
5.387600
5.387400
5.387200
5.387000
5.386800
5.386600
5.386400
5.386200
5.386000
5.385800
5.385600
5.385400
5.385200
5.385000
5.384800
5.384600
5.384400
5.384200
5.384000
5.383800
5.383600
5.383400
5.383200
5.383000
5.382800
5.382600
5.382400
5.382200
5.382000
5.381800
5.381600
5.381400
5.381200
5.381000
5.380800
5.380600
5.380400
5.380200
5.380000
5.379800
5.379600
5.379400
5.379200
5.379000
5.378800
5.378600
5.378400
5.378200
5.378000
5.377800
5.377600
5.377400
5.377200
5.377000
5.376800
5.376600
5.376400
5.376200
5.376000
5.375800
5.375600
5.375400
5.375200
5.375000
5.374800
5.374600
5.374400
5.374200
5.374000
5.373800
5.373600
5.373400
5.373200
5.373000
5.372800
5.372600
5.372400
5.372200
5.372000
5.371800
5.371600
5.371400
5.371200
5.371000
5.370800
5.370600
5.370400
5.370200
5.370000
5.369800
5.369600
5.369400
5.369200
5.369000
5.368800
5.368600
5.368400
5.368200
5.368000
5.367800
5.367600
5.367400
5.367200
5.367000
5.366800
5.366600
5.366400
5.366200
5.366000
5.365800
5.365600
5.365400
5.365200
5.365000
5.364800
5.364600
5.364400
5.364200
5.364000
5.363800
5.363600
5.363400
5.363200
5.363000
5.362800
5.362600
5.362400
5.362200
5.362000
5.361800
5.361600
5.361400
5.361200
5.361000
5.360800
5.360600
5.360400
5.360200
5.360000
5.359800
5.359600
5.359400
5.359200
5.359000
5.358800
5.358600
5.358400
5.358200
5.358000
5.357800
5.357600
5.357400
5.357200
5.357000
5.356800
5.356600
5.356400
5.356200
5.356000
5.355800
5.355600
5.355400
5.355200
5.355000
5.354800
5.354600
5.354400
5.354200
5.354000
5.353800
5.353600
5.353400
5.353200
5.353000
5.352800
5.352600
5.352400
5.352200
5.352000
5.351800
5.351600
5.351400
5.351200
5.351000
5.350800
5.350600
5.350400
5.350200
5.350000
5.349800
5.349600
5.349400
5.349200
5.349000
5.348800
5.348600
5.348400
5.348200
5.348000
5.347800
5.347600
5.347400
5.347200
5.347000
5.346800
5.346600
5.346400
5.346200
5.346000
5.345800
5.345600
5.345400
5.345200
5.345000
5.344800
5.344600
5.344400
5.344200
5.344000
5.343800
5.343600
5.343400
5.343200
5.343000
5.342800
5.342600
5.342400
5.342200
5.342000
5.341800
5.341600
5.341400
5.341200
5.341000
5.340800
5.340600
5.340400
5.340200
5.340000
5.339800
5.339600
5.339400
5.339200
5.339000
5.338800
5.338600
5.338400
5.338200
5.338000
5.337800
5.337600
5.337400
5.337200
5.337000
5.336800
5.336600
5.336400
5.336200
5.336000
5.335800
5.335600
5.335400
5.335200
5.335000
5.334800
5.334600
5.334400
5.334200
5.334000
5.333800
5.333600
5.333400
5.333200
5.333000
5.332800
5.332600
5.332400
5.332200
5.332000
5.331800
5.331600
5.331400
5.331200
5.331000
5.330800
5.330600
5.330400
5.330200
5.330000
5.329800
5.329600
5.329400
5.329200
5.329000
5.328800
5.328600
5.328400
5.328200
5.328000
5.327800
5.327600
5.327400
5.327200
5.327000
5.326800
5.326600
5.326400
5.326200
5.326000
5.325800
5.325600
5.325400
5.325200
5.325000
5.324800
5.324600
5.324400
5.324200
5.324000
5.323800
5.323600
5.323400
5.323200
5.323000
5.322800
5.322600
5.322400
5.322200
5.322000
5.321800
5.321600
5.321400
5.321200
5.321000
5.320800
5.320600
5.320400
5.320200
5.320000
5.319800
5.319600
5.319400
5.319200
5.319000
5.318800
5.318600
5.318400
5.318200
5.318000
5.317800
5.317600
5.317400
5.317200
5.317000
5.316800
5.316600
5.316400
5.316200
5.316000
5.315800
5.315600
5.315400
5.315200
5.315000
5.314800
5.314600
5.314400
5.314200
5.314000
5.313800
5.313600
5.313400
5.313200
5.313000
5.312800
5.312600
5.312400
5.312200
5.312000
5.311800
5.311600
5.311400
5.311200
5.311000
5.310800
5.310600
5.310400
5.310200
5.310000
5.309800
5.309600
5.309400
5.309200
5.309000
5.308800
5.308600
5.308400
5.308200
5.308000
5.307800
5.307600
5.307400
5.307200
5.307000
5.306800
5.306600
5.306400
5.306200
5.306000
5.305800
5.305600
5.305400
5.305200
5.305000
5.304800
5.304600
5.304400
5.304200
5.304000
5.303800
5.303600
5.303400
5.303200
5.303000
5.302800
5.302600
5.302400
5.302200
5.302000
5.301800
5.301600
5.301400
5.301200
5.301000
5.300800
5.300600
5.300400
5.300200
5.300000
5.299800
5.299600
5.299400
5.299200
5.299000
5.298800
5.298600
5.298400
5.298200
5.298000
5.297800
5.297600
5.297400
5.297200
5.297000
5.296800
5.296600
5.296400
5.296200
5.296000
5.295800
5.295600
5.295400
5.295200
5.295000
5.294800
5.294600
5.294400
5.294200
5.294000
5.293800
5.293600
5.293400
5.293200
5.293000
5.292800
5.292600
5.292400
5.292200
5.292000
5.291800
5.291600
5.291400
5.291200
5.291000
5.290800
5.290600
5.290400
5.290200
5.290000
5.289800
5.289600
5.289400
5.289200
5.289000
5.288800
5.288600
5.288400
5.288200
5.288000
5.287800
5.287600
5.287400
5.287200
5.287000
5.286800
5.286600
5.286400
5.286200
5.286000
5.285800
5.285600
5.285400
5.285200
5.285000
5.284800
5.284600
5.284400
5.284200
5.284000
5.283800
5.283600
5.283400
5.283200
5.283000
5.282800
5.282600
5.282400
5.282200
5.282000
5.281800
5.281600
5.281400
5.281200
5.281000
5.280800
5.280600
5.280400
5.280200
5.280000
5.279800
5.279600
5.279400
5.279200
5.279000
5.278800
5.278600
5.278400
5.278200
5.278000
5.277800
5.277600
5.277400
5.277200
5.277000
5.276800
5.276600
5.276400
5.276200
5.276000
5.275800
5.275600
5.275400
5.275200
5.275000
5.274800
5.274600
5.274400
5.274200
5.274000
5.273800
5.273600
5.273400
5.273200
5.273000
5.272800
5.272600
5.272400
5.272200
5.272000
5.271800
5.271600
5.271400
5.271200
5.271000
5.270800
5.270600
5.270400
5.270200
5.270000
5.269800
5.269600
5.269400
5.269200
5.269000
5.268800
5.268600
5.268400
5.268200
5.268000
5.267800
5.267600
5.267400
5.267200
5.267000
5.266800
5.266600
5.266400
5.266200
5.266000
5.265800
5.265600
5.265400
5.265200
5.265000
5.264800
5.264600
5.264400
5.264200
5.264000
5.263800
5.263600
5.263400
5.263200
5.263000
5.262800
5.262600
5.262400
5.262200
5.262000
5.261800
5.261600
5.261400
5.261200
5.261000
5.260800
5.260600
5.260400
5.260200
5.260000
5.259800
5.259600
5.259400
5.259200
5.259000
5.258800
5.258600
5.258400
5.258200
5.258000
5.257800
5.257600
5.257400
5.257200
5.257000
5.256800
5.256600
5.256400
5.256200
5.256000
5.255800
5.255600
5.255400
5.255200
5.255000
5.254800
5.254600
5.254400
5.254200
5.254000
5.253800
5.253600
5.253400
5.253200
5.253000
5.252800
5.252600
5.252400
5.252200
5.252000
5.251800
5.251600
5.251400
5.251200
5.251000
5.250800
5.250600
5.250400
5.250200
5.250000
5.249800
5.249600
5.249400
5.249200
5.249000
5.248800
5.248600
5.248400
5.248200
5.248000
5.247800
5.247600
5.247400
5.247200
5.247000
5.246800
5.246600
5.246400
5.246200
5.246000
5.245800
5.245600
5.245400
5.245200
5.245000
5.244800
5.244600
5.244400
5.244200
5.244000
5.243800
5.243600
5.243400
5.243200
5.243000
5.242800
5.242600
5.242400
5.242200
5.242000
5.241800
5.241600
5.241400
5.241200
5.241000
5.240800
5.240600
5.240400
5.240200
5.240000
5.239800
5.239600
5.239400
5.239200
5.239000
5.238800
5.238600
5.238400
5.238200
5.238000
5.237800
5.237600
5.237400
5.237200
5.237000
5.236800
5.236600
5.236400
5.236200
5.236000
5.235800
5.235600
5.235400
5.235200
5.235000
5.234800
5.234600
5.234400
5.234200
5.234000
5.233800
5.233600
5.233400
5.233200
5.233000
5.232800
5.232600
5.232400
5.232200
5.232000
5.231800
5.231600
5.231400
5.231200
5.231000
5.230800
5.230600
5.230400
5.230200
5.230000
5.229800
5.229600
5.229400
5.229200
5.229000
5.228800
5.228600
5.228400
5.228200
5.228000
5.227800
5.227600
5.227400
5.227200
5.227000
5.226800
5.226600
5.226400
5.226200
5.226000
5.225800
5.225600
5.225400
5.225200
5.225000
5.224800
5.224600
5.224400
5.224200
5.224000
5.223800
5.223600
5.223400
5.223200
5.223000
5.222800
5.222600
5.222400
5.222200
5.222000
5.221800
5.221600
5.221400
5.221200
5.221000
5.220800
5.220600
5.220400
5.220200
5.220000
5.219800
5.219600
5.219400
5.219200
5.219000
5.218800
5.218600
5.218400
5.218200
5.218000
5.217800
5.217600
5.217400
5.217200
5.217000
5.216800
5.216600
5.216400
5.216200
5.216000
5.215800
5.215600
5.215400
5.215200
5.215000
5.214800
5.214600
5.214400
5.214200
5.214000
5.213800
5.213600
5.213400
5.213200
5.213000
5.212800
5.212600
5.212400
5.212200
5.212000
5.211800
5.211600
5.211400
5.211200
5.211000
5.210800
5.210600
5.210400
5.210200
5.210000
5.209800
5.209600
5.209400
5.209200
5.209000
5.208800
5.208600
5.208400
5.208200
5.208000
5.207800
5.207600
5.207400
5.207200
5.207000
5.206800
5.206600
5.206400
5.206200
5.206000
5.205800
5.205600
5.205400
5.205200
5.205000
5.204800
5.204600
5.204400
5.204200
5.204000
5.203800
5.203600
5.203400
5.203200
5.203000
5.202800
5.202600
5.202400
5.202200
5.202000
5.201800
5.201600
5.201400
5.201200
5.201000
5.200800
5.200600
5.200400
5.200200
5.200000
5.199800
5.199600
5.199400
5.199200
5.199000
5.198800
5.198600
5.198400
5.198200
5.198000
5.197800
5.197600
5.197400
5.197200
5.197000
5.196800
5.196600
5.196400
5.196200
5.196000
5.195800
5.195600
5.195400
5.195200
5.195000
5.194800
5.194600
5.194400
5.194200
5.194000
5.193800
5.193600
5.193400
5.193200
5.193000
5.192800
5.192600
5.192400
5.192200
5.192000
5.191800
5.191600
5.191400
5.191200
5.191000
5.190800
5.190600
5.190400
5.190200
5.190000
5.189800
5.189600
5.189400
5.189200
5.189000
5.188800
5.188600
5.188400
5.188200
5.188000
5.187800
5.187600
5.187400
5.187200
5.187000
5.186800
5.186600
5.186400
5.186200
5.186000
5.185800
5.185600
5.185400
5.185200
5.185000
5.184800
5.184600
5.184400
5.184200
5.184000
5.183800
5.183600
5.183400
5.183200
5.183000
5.182800
5.182600
5.182400
5.182200
5.182000
5.181800
5.181600
5.181400
5.181200
5.181000
5.180800
5.180600
5.180400
5.180200
5.180000
5.179800
5.179600
5.179400
5.179200
5.179000
5.178800
5.178600
5.178400
5.178200
5.178000
5.177800
5.177600
5.177400
5.177200
5.177000
5.176800
5.176600
5.176400
5.176200
5.176000
5.175800
5.175600
5.175400
5.175200
5.175000
5.174800
5.174600
5.174400
5.174200
5.174000
5.173800
5.173600
5.173400
5.173200
5.173000
5.172800
5.172600
5.172400
5.172200
5.172000
5.171800
5.171600
5.171400
5.171200
5.171000
5.170800
5.170600
5.170400
5.170200
5.170000
5.169800
5.169600
5.169400
5.169200
5.169000
5.168800
5.168600
5.168400
5.168200
5.168000
5.167800
5.167600
5.167400
5.167200
5.167000
5.166800
5.166600
5.166400
5.166200
5.166000
5.165800
5.165600
5.165400
5.165200
5.165000
5.164800
5.164600
5.164400
5.164200
5.164000
5.163800
5.163600
5.163400
5.163200
5.163000
5.162800
5.162600
5.162400
5.162200
5.162000
5.161800
5.161600
5.161400
5.161200
5.161000
5.160800
5.160600
5.160400
5.160200
5.160000
5.159800
5.159600
5.159400
5.159200
5.159000
5.158800
5.158600
5.158400
5.158200
5.158000
5.157800
5.157600
5.157400
5.157200
5.157000
5.156800
5.156600
5.156400
5.156200
5.156000
5.155800
5.155600
5.155400
5.155200
5.155000
5.154800
5.154600
5.154400
5.154200
5.154000
5.153800
5.153600
5.153400
5.153200
5.153000
5.152800
5.152600
5.152400
5.152200
5.152000
5.151800
5.151600
5.151400
5.151200
5.151000
5.150800
5.150600
5.150400
5.150200
5.150000
5.149800
5.149600
5.149400
5.149200
5.149000
5.148800
5.148600
5.148400
5.148200
5.148000
5.147800
5.147600
5.147400
5.147200
5.147000
5.146800
5.146600
5.146400
5.146200
5.146000
5.145800
5.145600
5.145400
5.145200
5.145000
5.144800
5.144600
5.144400
5.144200
5.144000
5.143800
5.143600
5.143400
5.143200
5.143000
5.142800
5.142600
5.142400
5.142200
5.142000
5.141800
5.141600
5.141400
5.141200
5.141000
5.140800
5.140600
5.140400
5.140200
5.140000
5.139800
5.139600
5.139400
5.139200
5.139000
5.138800
5.138600
5.138400
5.138200
5.138000
5.137800
5.137600
5.137400
5.137200
5.137000
5.136800
5.136600
5.136400
5.136200
5.136000
5.135800
5.135600
5.135400
5.135200
5.135000
5.134800
5.134600
5.134400
5.134200
5.134000
5.133800
5.133600
5.133400
5.133200
5.133000
5.132800
5.132600
5.132400
5.132200
5.132000
5.131800
5.131600
5.131400
5.131200
5.131000
5.130800
5.130600
5.130400
5.130200
5.130000
5.129800
5.129600
5.129400
5.129200
5.129000
5.128800
5.128600
5.128400
5.128200
5.128000
5.127800
5.127600
5.127400
5.127200
5.127000
5.126800
5.126600
5.126400
5.126200
5.126000
5.125800
5.125600
5.125400
5.125200
5.125000
5.124800
5.124600
5.124400
5.124200
5.124000
5.123800
5.123600
5.123400
5.123200
5.123000
5.122800
5.122600
5.122400
5.122200
5.122000
5.121800
5.121600
5.121400
5.121200
5.121000
5.120800
5.120600
5.120400
5.120200
5.120000
5.119800
5.119600
5.119400
5.119200
5.119000
5.118800
5.118600
5.118400
5.118200
5.118000
5.117800
5.117600
5.117400
5.117200
5.117000
5.116800
5.116600
5.116400
5.116200
5.116000
5.115800
5.115600
5.115400
5.115200
5.115000
5.114800
5.114600
5.114400
5.114200
5.114000
5.113800
5.113600
5.113400
5.113200
5.113000
5.112800
5.112600
5.112400
5.112200
5.112000
5.111800
5.111600
5.111400
5.111200
5.111000
5.110800
5.110600
5.110400
5.110200
5.110000
5.109800
5.109600
5.109400
5.109200
5.109000
5.108800
5.108600
5.108400
5.108200
5.108000
5.107800
5.107600
5.107400
5.107200
5.107000
5.106800
5.106600
5.106400
5.106200
5.106000
5.105800
5.105600
5.105400
5.105200
5.105000
5.104800
5.104600
5.104400
5.104200
5.104000
5.103800
5.103600
5.103400
5.103200
5.103000
5.102800
5.102600
5.102400
5.102200
5.102000
5.101800
5.101600
5.101400
5.101200
5.101000
5.100800
5.100600
5.100400
5.100200
5.100000
5.099800
5.099600
5.099400
5.099200
5.099000
5.098800
5.098600
5.098400
5.098200
5.098000
5.097800
5.097600
5.097400
5.097200
5.097000
5.096800
5.096600
5.096400
5.096200
5.096000
5.095800
5.095600
5.095400
5.095200
5.095000
5.094800
5.094600
5.094400
5.094200
5.094000
5.093800
5.093600
5.093400
5.093200
5.093000
5.092800
5.092600
5.092400
5.092200
5.092000
5.091800
5.091600
5.091400
5.091200
5.091000
5.090800
5.090600
5.090400
5.090200
5.090000
5.089800
5.089600
5.089400
5.089200
5.089000
5.088800
5.088600
5.088400
5.088200
5.088000
5.087800
5.087600
5.087400
5.087200
5.087000
5.086800
5.086600
5.086400
5.086200
5.086000
5.085800
5.085600
5.085400
5.085200
5.085000
5.084800
5.084600
5.084400
5.084200
5.084000
5.083800
5.083600
5.083400
5.083200
5.083000
5.082800
5.082600
5.082400
5.082200
5.082000
5.081800
5.081600
5.081400
5.081200
5.081000
5.080800
5.080600
5.080400
5.080200
5.080000
5.079800
5.079600
5.079400
5.079200
5.079000
5.078800
5.078600
5.078400
5.078200
5.078000
5.077800
5.077600
5.077400
5.077200
5.077000
5.076800
5.076600
5.076400
5.076200
5.076000
5.075800
5.075600
5.075400
5.075200
5.075000
5.074800
5.074600
5.074400
5.074200
5.074000
5.073800
5.073600
5.073400
5.073200
5.073000
5.072800
5.072600
5.072400
5.072200
5.072000
5.071800
5.071600
5.071400
5.071200
5.071000
5.070800
5.070600
5.070400
5.070200
5.070000
5.069800
5.069600
5.069400
5.069200
5.069000
5.068800
5.068600
5.068400
5.068200
5.068000
5.067800
5.067600
5.067400
5.067200
5.067000
5.066800
5.066600
5.066400
5.066200
5.066000
5.065800
5.065600
5.065400
5.065200
5.065000
5.064800
5.064600
5.064400
5.064200
5.064000
5.063800
5.063600
5.063400
5.063200
5.063000
5.062800
5.062600
5.062400
5.062200
5.062000
5.061800
5.061600
5.061400
5.061200
5.061000
5.060800
5.060600
5.060400
5.060200
5.060000
5.059800
5.059600
5.059400
5.059200
5.059000
5.058800
5.058600
5.058400
5.058200
5.058000
5.057800
5.057600
5.057400
5.057200
5.057000
5.056800
5.056600
5.056400
5.056200
5.056000
5.055800
5.055600
5.055400
5.055200
5.055000
5.054800
5.054600
5.054400
5.054200
5.054000
5.053800
5.053600
5.053400
5.053200
5.053000
5.052800
5.052600
5.052400
5.052200
5.052000
5.051800
5.051600
5.051400
5.051200
5.051000
5.050800
5.050600
5.050400
5.050200
5.050000
5.049800
5.049600
5.049400
5.049200
5.049000
5.048800
5.048600
5.048400
5.048200
5.048000
5.047800
5.047600
5.047400
5.047200
5.047000
5.046800
5.046600
5.046400
5.046200
5.046000
5.045800
5.045600
5.045400
5.045200
5.045000
