-2.000000
-2.000200
-2.000400
-2.000600
-2.000800
-2.001000
-2.001200
-2.001400
-2.001600
-2.001800
-2.002000
-2.002200
-2.002400
-2.002600
-2.002800
-2.003000
-2.003200
-2.003400
-2.003600
-2.003800
-2.004000
-2.004200
-2.004400
-2.004600
-2.004800
-2.005000
-2.005200
-2.005400
-2.005600
-2.005800
-2.006000
-2.006200
-2.006400
-2.006600
-2.006800
-2.007000
-2.007200
-2.007400
-2.007600
-2.007800
-2.008000
-2.008200
-2.008400
-2.008600
-2.008800
-2.009000
-2.009200
-2.009400
-2.009600
-2.009800
-2.010000
-2.010200
-2.010400
-2.010600
-2.010800
-2.011000
-2.011200
-2.011400
-2.011600
-2.011800
-2.012000
-2.012200
-2.012400
-2.012600
-2.012800
-2.013000
-2.013200
-2.013400
-2.013600
-2.013800
-2.014000
-2.014200
-2.014400
-2.014600
-2.014800
-2.015000
-2.015200
-2.015400
-2.015600
-2.015800
-2.016000
-2.016200
-2.016400
-2.016600
-2.016800
-2.017000
-2.017200
-2.017400
-2.017600
-2.017800
-2.018000
-2.018200
-2.018400
-2.018600
-2.018800
-2.019000
-2.019200
-2.019400
-2.019600
-2.019800
-2.020000
-2.020200
-2.020400
-2.020600
-2.020800
-2.021000
-2.021200
-2.021400
-2.021600
-2.021800
-2.022000
-2.022200
-2.022400
-2.022600
-2.022800
-2.023000
-2.023200
-2.023400
-2.023600
-2.023800
-2.024000
-2.024200
-2.024400
-2.024600
-2.024800
-2.025000
-2.025200
-2.025400
-2.025600
-2.025800
-2.026000
-2.026200
-2.026400
-2.026600
-2.026800
-2.027000
-2.027200
-2.027400
-2.027600
-2.027800
-2.028000
-2.028200
-2.028400
-2.028600
-2.028800
-2.029000
-2.029200
-2.029400
-2.029600
-2.029800
-2.030000
-2.030200
-2.030400
-2.030600
-2.030800
-2.031000
-2.031200
-2.031400
-2.031600
-2.031800
-2.032000
-2.032200
-2.032400
-2.032600
-2.032800
-2.033000
-2.033200
-2.033400
-2.033600
-2.033800
-2.034000
-2.034200
-2.034400
-2.034600
-2.034800
-2.035000
-2.035200
-2.035400
-2.035600
-2.035800
-2.036000
-2.036200
-2.036400
-2.036600
-2.036800
-2.037000
-2.037200
-2.037400
-2.037600
-2.037800
-2.038000
-2.038200
-2.038400
-2.038600
-2.038800
-2.039000
-2.039200
-2.039400
-2.039600
-2.039800
-2.040000
-2.040200
-2.040400
-2.040600
-2.040800
-2.041000
-2.041200
-2.041400
-2.041600
-2.041800
-2.042000
-2.042200
-2.042400
-2.042600
-2.042800
-2.043000
-2.043200
-2.043400
-2.043600
-2.043800
-2.044000
-2.044200
-2.044400
-2.044600
-2.044800
-2.045000
-2.045200
-2.045400
-2.045600
-2.045800
-2.046000
-2.046200
-2.046400
-2.046600
-2.046800
-2.047000
-2.047200
-2.047400
-2.047600
-2.047800
-2.048000
-2.048200
-2.048400
-2.048600
-2.048800
-2.049000
-2.049200
-2.049400
-2.049600
-2.049800
-2.050000
-2.050200
-2.050400
-2.050600
-2.050800
-2.051000
-2.051200
-2.051400
-2.051600
-2.051800
-2.052000
-2.052200
-2.052400
-2.052600
-2.052800
-2.053000
-2.053200
-2.053400
-2.053600
-2.053800
-2.054000
-2.054200
-2.054400
-2.054600
-2.054800
-2.055000
-2.055200
-2.055400
-2.055600
-2.055800
-2.056000
-2.056200
-2.056400
-2.056600
-2.056800
-2.057000
-2.057200
-2.057400
-2.057600
-2.057800
-2.058000
-2.058200
-2.058400
-2.058600
-2.058800
-2.059000
-2.059200
-2.059400
-2.059600
-2.059800
-2.060000
-2.060200
-2.060400
-2.060600
-2.060800
-2.061000
-2.061200
-2.061400
-2.061600
-2.061800
-2.062000
-2.062200
-2.062400
-2.062600
-2.062800
-2.063000
-2.063200
-2.063400
-2.063600
-2.063800
-2.064000
-2.064200
-2.064400
-2.064600
-2.064800
-2.065000
-2.065200
-2.065400
-2.065600
-2.065800
-2.066000
-2.066200
-2.066400
-2.066600
-2.066800
-2.067000
-2.067200
-2.067400
-2.067600
-2.067800
-2.068000
-2.068200
-2.068400
-2.068600
-2.068800
-2.069000
-2.069200
-2.069400
-2.069600
-2.069800
-2.070000
-2.070200
-2.070400
-2.070600
-2.070800
-2.071000
-2.071200
-2.071400
-2.071600
-2.071800
-2.072000
-2.072200
-2.072400
-2.072600
-2.072800
-2.073000
-2.073200
-2.073400
-2.073600
-2.073800
-2.074000
-2.074200
-2.074400
-2.074600
-2.074800
-2.075000
-2.075200
-2.075400
-2.075600
-2.075800
-2.076000
-2.076200
-2.076400
-2.076600
-2.076800
-2.077000
-2.077200
-2.077400
-2.077600
-2.077800
-2.078000
-2.078200
-2.078400
-2.078600
-2.078800
-2.079000
-2.079200
-2.079400
-2.079600
-2.079800
-2.080000
-2.080200
-2.080400
-2.080600
-2.080800
-2.081000
-2.081200
-2.081400
-2.081600
-2.081800
-2.082000
-2.082200
-2.082400
-2.082600
-2.082800
-2.083000
-2.083200
-2.083400
-2.083600
-2.083800
-2.084000
-2.084200
-2.084400
-2.084600
-2.084800
-2.085000
-2.085200
-2.085400
-2.085600
-2.085800
-2.086000
-2.086200
-2.086400
-2.086600
-2.086800
-2.087000
-2.087200
-2.087400
-2.087600
-2.087800
-2.088000
-2.088200
-2.088400
-2.088600
-2.088800
-2.089000
-2.089200
-2.089400
-2.089600
-2.089800
-2.090000
-2.090200
-2.090400
-2.090600
-2.090800
-2.091000
-2.091200
-2.091400
-2.091600
-2.091800
-2.092000
-2.092200
-2.092400
-2.092600
-2.092800
-2.093000
-2.093200
-2.093400
-2.093600
-2.093800
-2.094000
-2.094200
-2.094400
-2.094600
-2.094800
-2.095000
-2.095200
-2.095400
-2.095600
-2.095800
-2.096000
-2.096200
-2.096400
-2.096600
-2.096800
-2.097000
-2.097200
-2.097400
-2.097600
-2.097800
-2.098000
-2.098200
-2.098400
-2.098600
-2.098800
-2.099000
-2.099200
-2.099400
-2.099600
-2.099800
-2.100000
-2.100200
-2.100400
-2.100600
-2.100800
-2.101000
-2.101200
-2.101400
-2.101600
-2.101800
-2.102000
-2.102200
-2.102400
-2.102600
-2.102800
-2.103000
-2.103200
-2.103400
-2.103600
-2.103800
-2.104000
-2.104200
-2.104400
-2.104600
-2.104800
-2.105000
-2.105200
-2.105400
-2.105600
-2.105800
-2.106000
-2.106200
-2.106400
-2.106600
-2.106800
-2.107000
-2.107200
-2.107400
-2.107600
-2.107800
-2.108000
-2.108200
-2.108400
-2.108600
-2.108800
-2.109000
-2.109200
-2.109400
-2.109600
-2.109800
-2.110000
-2.110200
-2.110400
-2.110600
-2.110800
-2.111000
-2.111200
-2.111400
-2.111600
-2.111800
-2.112000
-2.112200
-2.112400
-2.112600
-2.112800
-2.113000
-2.113200
-2.113400
-2.113600
-2.113800
-2.114000
-2.114200
-2.114400
-2.114600
-2.114800
-2.115000
-2.115200
-2.115400
-2.115600
-2.115800
-2.116000
-2.116200
-2.116400
-2.116600
-2.116800
-2.117000
-2.117200
-2.117400
-2.117600
-2.117800
-2.118000
-2.118200
-2.118400
-2.118600
-2.118800
-2.119000
-2.119200
-2.119400
-2.119600
-2.119800
-2.120000
-2.120200
-2.120400
-2.120600
-2.120800
-2.121000
-2.121200
-2.121400
-2.121600
-2.121800
-2.122000
-2.122200
-2.122400
-2.122600
-2.122800
-2.123000
-2.123200
-2.123400
-2.123600
-2.123800
-2.124000
-2.124200
-2.124400
-2.124600
-2.124800
-2.125000
-2.125200
-2.125400
-2.125600
-2.125800
-2.126000
-2.126200
-2.126400
-2.126600
-2.126800
-2.127000
-2.127200
-2.127400
-2.127600
-2.127800
-2.128000
-2.128200
-2.128400
-2.128600
-2.128800
-2.129000
-2.129200
-2.129400
-2.129600
-2.129800
-2.130000
-2.130200
-2.130400
-2.130600
-2.130800
-2.131000
-2.131200
-2.131400
-2.131600
-2.131800
-2.132000
-2.132200
-2.132400
-2.132600
-2.132800
-2.133000
-2.133200
-2.133400
-2.133600
-2.133800
-2.134000
-2.134200
-2.134400
-2.134600
-2.134800
-2.135000
-2.135200
-2.135400
-2.135600
-2.135800
-2.136000
-2.136200
-2.136400
-2.136600
-2.136800
-2.137000
-2.137200
-2.137400
-2.137600
-2.137800
-2.138000
-2.138200
-2.138400
-2.138600
-2.138800
-2.139000
-2.139200
-2.139400
-2.139600
-2.139800
-2.140000
-2.140200
-2.140400
-2.140600
-2.140800
-2.141000
-2.141200
-2.141400
-2.141600
-2.141800
-2.142000
-2.142200
-2.142400
-2.142600
-2.142800
-2.143000
-2.143200
-2.143400
-2.143600
-2.143800
-2.144000
-2.144200
-2.144400
-2.144600
-2.144800
-2.145000
-2.145200
-2.145400
-2.145600
-2.145800
-2.146000
-2.146200
-2.146400
-2.146600
-2.146800
-2.147000
-2.147200
-2.147400
-2.147600
-2.147800
-2.148000
-2.148200
-2.148400
-2.148600
-2.148800
-2.149000
-2.149200
-2.149400
-2.149600
-2.149800
-2.150000
-2.150200
-2.150400
-2.150600
-2.150800
-2.151000
-2.151200
-2.151400
-2.151600
-2.151800
-2.152000
-2.152200
-2.152400
-2.152600
-2.152800
-2.153000
-2.153200
-2.153400
-2.153600
-2.153800
-2.154000
-2.154200
-2.154400
-2.154600
-2.154800
-2.155000
-2.155200
-2.155400
-2.155600
-2.155800
-2.156000
-2.156200
-2.156400
-2.156600
-2.156800
-2.157000
-2.157200
-2.157400
-2.157600
-2.157800
-2.158000
-2.158200
-2.158400
-2.158600
-2.158800
-2.159000
-2.159200
-2.159400
-2.159600
-2.159800
-2.160000
-2.160200
-2.160400
-2.160600
-2.160800
-2.161000
-2.161200
-2.161400
-2.161600
-2.161800
-2.162000
-2.162200
-2.162400
-2.162600
-2.162800
-2.163000
-2.163200
-2.163400
-2.163600
-2.163800
-2.164000
-2.164200
-2.164400
-2.164600
-2.164800
-2.165000
-2.165200
-2.165400
-2.165600
-2.165800
-2.166000
-2.166200
-2.166400
-2.166600
-2.166800
-2.167000
-2.167200
-2.167400
-2.167600
-2.167800
-2.168000
-2.168200
-2.168400
-2.168600
-2.168800
-2.169000
-2.169200
-2.169400
-2.169600
-2.169800
-2.170000
-2.170200
-2.170400
-2.170600
-2.170800
-2.171000
-2.171200
-2.171400
-2.171600
-2.171800
-2.172000
-2.172200
-2.172400
-2.172600
-2.172800
-2.173000
-2.173200
-2.173400
-2.173600
-2.173800
-2.174000
-2.174200
-2.174400
-2.174600
-2.174800
-2.175000
-2.175200
-2.175400
-2.175600
-2.175800
-2.176000
-2.176200
-2.176400
-2.176600
-2.176800
-2.177000
-2.177200
-2.177400
-2.177600
-2.177800
-2.178000
-2.178200
-2.178400
-2.178600
-2.178800
-2.179000
-2.179200
-2.179400
-2.179600
-2.179800
-2.180000
-2.180200
-2.180400
-2.180600
-2.180800
-2.181000
-2.181200
-2.181400
-2.181600
-2.181800
-2.182000
-2.182200
-2.182400
-2.182600
-2.182800
-2.183000
-2.183200
-2.183400
-2.183600
-2.183800
-2.184000
-2.184200
-2.184400
-2.184600
-2.184800
-2.185000
-2.185200
-2.185400
-2.185600
-2.185800
-2.186000
-2.186200
-2.186400
-2.186600
-2.186800
-2.187000
-2.187200
-2.187400
-2.187600
-2.187800
-2.188000
-2.188200
-2.188400
-2.188600
-2.188800
-2.189000
-2.189200
-2.189400
-2.189600
-2.189800
-2.190000
-2.190200
-2.190400
-2.190600
-2.190800
-2.191000
-2.191200
-2.191400
-2.191600
-2.191800
-2.192000
-2.192200
-2.192400
-2.192600
-2.192800
-2.193000
-2.193200
-2.193400
-2.193600
-2.193800
-2.194000
-2.194200
-2.194400
-2.194600
-2.194800
-2.195000
-2.195200
-2.195400
-2.195600
-2.195800
-2.196000
-2.196200
-2.196400
-2.196600
-2.196800
-2.197000
-2.197200
-2.197400
-2.197600
-2.197800
-2.198000
-2.198200
-2.198400
-2.198600
-2.198800
-2.199000
-2.199200
-2.199400
-2.199600
-2.199800
-2.200000
-2.200200
-2.200400
-2.200600
-2.200800
-2.201000
-2.201200
-2.201400
-2.201600
-2.201800
-2.202000
-2.202200
-2.202400
-2.202600
-2.202800
-2.203000
-2.203200
-2.203400
-2.203600
-2.203800
-2.204000
-2.204200
-2.204400
-2.204600
-2.204800
-2.205000
-2.205200
-2.205400
-2.205600
-2.205800
-2.206000
-2.206200
-2.206400
-2.206600
-2.206800
-2.207000
-2.207200
-2.207400
-2.207600
-2.207800
-2.208000
-2.208200
-2.208400
-2.208600
-2.208800
-2.209000
-2.209200
-2.209400
-2.209600
-2.209800
-2.210000
-2.210200
-2.210400
-2.210600
-2.210800
-2.211000
-2.211200
-2.211400
-2.211600
-2.211800
-2.212000
-2.212200
-2.212400
-2.212600
-2.212800
-2.213000
-2.213200
-2.213400
-2.213600
-2.213800
-2.214000
-2.214200
-2.214400
-2.214600
-2.214800
-2.215000
-2.215200
-2.215400
-2.215600
-2.215800
-2.216000
-2.216200
-2.216400
-2.216600
-2.216800
-2.217000
-2.217200
-2.217400
-2.217600
-2.217800
-2.218000
-2.218200
-2.218400
-2.218600
-2.218800
-2.219000
-2.219200
-2.219400
-2.219600
-2.219800
-2.220000
-2.220200
-2.220400
-2.220600
-2.220800
-2.221000
-2.221200
-2.221400
-2.221600
-2.221800
-2.222000
-2.222200
-2.222400
-2.222600
-2.222800
-2.223000
-2.223200
-2.223400
-2.223600
-2.223800
-2.224000
-2.224200
-2.224400
-2.224600
-2.224800
-2.225000
-2.225200
-2.225400
-2.225600
-2.225800
-2.226000
-2.226200
-2.226400
-2.226600
-2.226800
-2.227000
-2.227200
-2.227400
-2.227600
-2.227800
-2.228000
-2.228200
-2.228400
-2.228600
-2.228800
-2.229000
-2.229200
-2.229400
-2.229600
-2.229800
-2.230000
-2.230200
-2.230400
-2.230600
-2.230800
-2.231000
-2.231200
-2.231400
-2.231600
-2.231800
-2.232000
-2.232200
-2.232400
-2.232600
-2.232800
-2.233000
-2.233200
-2.233400
-2.233600
-2.233800
-2.234000
-2.234200
-2.234400
-2.234600
-2.234800
-2.235000
-2.235200
-2.235400
-2.235600
-2.235800
-2.236000
-2.236200
-2.236400
-2.236600
-2.236800
-2.237000
-2.237200
-2.237400
-2.237600
-2.237800
-2.238000
-2.238200
-2.238400
-2.238600
-2.238800
-2.239000
-2.239200
-2.239400
-2.239600
-2.239800
-2.240000
-2.240200
-2.240400
-2.240600
-2.240800
-2.241000
-2.241200
-2.241400
-2.241600
-2.241800
-2.242000
-2.242200
-2.242400
-2.242600
-2.242800
-2.243000
-2.243200
-2.243400
-2.243600
-2.243800
-2.244000
-2.244200
-2.244400
-2.244600
-2.244800
-2.245000
-2.245200
-2.245400
-2.245600
-2.245800
-2.246000
-2.246200
-2.246400
-2.246600
-2.246800
-2.247000
-2.247200
-2.247400
-2.247600
-2.247800
-2.248000
-2.248200
-2.248400
-2.248600
-2.248800
-2.249000
-2.249200
-2.249400
-2.249600
-2.249800
-2.250000
-2.250200
-2.250400
-2.250600
-2.250800
-2.251000
-2.251200
-2.251400
-2.251600
-2.251800
-2.252000
-2.252200
-2.252400
-2.252600
-2.252800
-2.253000
-2.253200
-2.253400
-2.253600
-2.253800
-2.254000
-2.254200
-2.254400
-2.254600
-2.254800
-2.255000
-2.255200
-2.255400
-2.255600
-2.255800
-2.256000
-2.256200
-2.256400
-2.256600
-2.256800
-2.257000
-2.257200
-2.257400
-2.257600
-2.257800
-2.258000
-2.258200
-2.258400
-2.258600
-2.258800
-2.259000
-2.259200
-2.259400
-2.259600
-2.259800
-2.260000
-2.260200
-2.260400
-2.260600
-2.260800
-2.261000
-2.261200
-2.261400
-2.261600
-2.261800
-2.262000
-2.262200
-2.262400
-2.262600
-2.262800
-2.263000
-2.263200
-2.263400
-2.263600
-2.263800
-2.264000
-2.264200
-2.264400
-2.264600
-2.264800
-2.265000
-2.265200
-2.265400
-2.265600
-2.265800
-2.266000
-2.266200
-2.266400
-2.266600
-2.266800
-2.267000
-2.267200
-2.267400
-2.267600
-2.267800
-2.268000
-2.268200
-2.268400
-2.268600
-2.268800
-2.269000
-2.269200
-2.269400
-2.269600
-2.269800
-2.270000
-2.270200
-2.270400
-2.270600
-2.270800
-2.271000
-2.271200
-2.271400
-2.271600
-2.271800
-2.272000
-2.272200
-2.272400
-2.272600
-2.272800
-2.273000
-2.273200
-2.273400
-2.273600
-2.273800
-2.274000
-2.274200
-2.274400
-2.274600
-2.274800
-2.275000
-2.275200
-2.275400
-2.275600
-2.275800
-2.276000
-2.276200
-2.276400
-2.276600
-2.276800
-2.277000
-2.277200
-2.277400
-2.277600
-2.277800
-2.278000
-2.278200
-2.278400
-2.278600
-2.278800
-2.279000
-2.279200
-2.279400
-2.279600
-2.279800
-2.280000
-2.280200
-2.280400
-2.280600
-2.280800
-2.281000
-2.281200
-2.281400
-2.281600
-2.281800
-2.282000
-2.282200
-2.282400
-2.282600
-2.282800
-2.283000
-2.283200
-2.283400
-2.283600
-2.283800
-2.284000
-2.284200
-2.284400
-2.284600
-2.284800
-2.285000
-2.285200
-2.285400
-2.285600
-2.285800
-2.286000
-2.286200
-2.286400
-2.286600
-2.286800
-2.287000
-2.287200
-2.287400
-2.287600
-2.287800
-2.288000
-2.288200
-2.288400
-2.288600
-2.288800
-2.289000
-2.289200
-2.289400
-2.289600
-2.289800
-2.290000
-2.290200
-2.290400
-2.290600
-2.290800
-2.291000
-2.291200
-2.291400
-2.291600
-2.291800
-2.292000
-2.292200
-2.292400
-2.292600
-2.292800
-2.293000
-2.293200
-2.293400
-2.293600
-2.293800
-2.294000
-2.294200
-2.294400
-2.294600
-2.294800
-2.295000
-2.295200
-2.295400
-2.295600
-2.295800
-2.296000
-2.296200
-2.296400
-2.296600
-2.296800
-2.297000
-2.297200
-2.297400
-2.297600
-2.297800
-2.298000
-2.298200
-2.298400
-2.298600
-2.298800
-2.299000
-2.299200
-2.299400
-2.299600
-2.299800
-2.300000
-2.300200
-2.300400
-2.300600
-2.300800
-2.301000
-2.301200
-2.301400
-2.301600
-2.301800
-2.302000
-2.302200
-2.302400
-2.302600
-2.302800
-2.303000
-2.303200
-2.303400
-2.303600
-2.303800
-2.304000
-2.304200
-2.304400
-2.304600
-2.304800
-2.305000
-2.305200
-2.305400
-2.305600
-2.305800
-2.306000
-2.306200
-2.306400
-2.306600
-2.306800
-2.307000
-2.307200
-2.307400
-2.307600
-2.307800
-2.308000
-2.308200
-2.308400
-2.308600
-2.308800
-2.309000
-2.309200
-2.309400
-2.309600
-2.309800
-2.310000
-2.310200
-2.310400
-2.310600
-2.310800
-2.311000
-2.311200
-2.311400
-2.311600
-2.311800
-2.312000
-2.312200
-2.312400
-2.312600
-2.312800
-2.313000
-2.313200
-2.313400
-2.313600
-2.313800
-2.314000
-2.314200
-2.314400
-2.314600
-2.314800
-2.315000
-2.315200
-2.315400
-2.315600
-2.315800
-2.316000
-2.316200
-2.316400
-2.316600
-2.316800
-2.317000
-2.317200
-2.317400
-2.317600
-2.317800
-2.318000
-2.318200
-2.318400
-2.318600
-2.318800
-2.319000
-2.319200
-2.319400
-2.319600
-2.319800
-2.320000
-2.320200
-2.320400
-2.320600
-2.320800
-2.321000
-2.321200
-2.321400
-2.321600
-2.321800
-2.322000
-2.322200
-2.322400
-2.322600
-2.322800
-2.323000
-2.323200
-2.323400
-2.323600
-2.323800
-2.324000
-2.324200
-2.324400
-2.324600
-2.324800
-2.325000
-2.325200
-2.325400
-2.325600
-2.325800
-2.326000
-2.326200
-2.326400
-2.326600
-2.326800
-2.327000
-2.327200
-2.327400
-2.327600
-2.327800
-2.328000
-2.328200
-2.328400
-2.328600
-2.328800
-2.329000
-2.329200
-2.329400
-2.329600
-2.329800
-2.330000
-2.330200
-2.330400
-2.330600
-2.330800
-2.331000
-2.331200
-2.331400
-2.331600
-2.331800
-2.332000
-2.332200
-2.332400
-2.332600
-2.332800
-2.333000
-2.333200
-2.333400
-2.333600
-2.333800
-2.334000
-2.334200
-2.334400
-2.334600
-2.334800
-2.335000
-2.335200
-2.335400
-2.335600
-2.335800
-2.336000
-2.336200
-2.336400
-2.336600
-2.336800
-2.337000
-2.337200
-2.337400
-2.337600
-2.337800
-2.338000
-2.338200
-2.338400
-2.338600
-2.338800
-2.339000
-2.339200
-2.339400
-2.339600
-2.339800
-2.340000
-2.340200
-2.340400
-2.340600
-2.340800
-2.341000
-2.341200
-2.341400
-2.341600
-2.341800
-2.342000
-2.342200
-2.342400
-2.342600
-2.342800
-2.343000
-2.343200
-2.343400
-2.343600
-2.343800
-2.344000
-2.344200
-2.344400
-2.344600
-2.344800
-2.345000
-2.345200
-2.345400
-2.345600
-2.345800
-2.346000
-2.346200
-2.346400
-2.346600
-2.346800
-2.347000
-2.347200
-2.347400
-2.347600
-2.347800
-2.348000
-2.348200
-2.348400
-2.348600
-2.348800
-2.349000
-2.349200
-2.349400
-2.349600
-2.349800
-2.350000
-2.350200
-2.350400
-2.350600
-2.350800
-2.351000
-2.351200
-2.351400
-2.351600
-2.351800
-2.352000
-2.352200
-2.352400
-2.352600
-2.352800
-2.353000
-2.353200
-2.353400
-2.353600
-2.353800
-2.354000
-2.354200
-2.354400
-2.354600
-2.354800
-2.355000
-2.355200
-2.355400
-2.355600
-2.355800
-2.356000
-2.356200
-2.356400
-2.356600
-2.356800
-2.357000
-2.357200
-2.357400
-2.357600
-2.357800
-2.358000
-2.358200
-2.358400
-2.358600
-2.358800
-2.359000
-2.359200
-2.359400
-2.359600
-2.359800
-2.360000
-2.360200
-2.360400
-2.360600
-2.360800
-2.361000
-2.361200
-2.361400
-2.361600
-2.361800
-2.362000
-2.362200
-2.362400
-2.362600
-2.362800
-2.363000
-2.363200
-2.363400
-2.363600
-2.363800
-2.364000
-2.364200
-2.364400
-2.364600
-2.364800
-2.365000
-2.365200
-2.365400
-2.365600
-2.365800
-2.366000
-2.366200
-2.366400
-2.366600
-2.366800
-2.367000
-2.367200
-2.367400
-2.367600
-2.367800
-2.368000
-2.368200
-2.368400
-2.368600
-2.368800
-2.369000
-2.369200
-2.369400
-2.369600
-2.369800
-2.370000
-2.370200
-2.370400
-2.370600
-2.370800
-2.371000
-2.371200
-2.371400
-2.371600
-2.371800
-2.372000
-2.372200
-2.372400
-2.372600
-2.372800
-2.373000
-2.373200
-2.373400
-2.373600
-2.373800
-2.374000
-2.374200
-2.374400
-2.374600
-2.374800
-2.375000
-2.375200
-2.375400
-2.375600
-2.375800
-2.376000
-2.376200
-2.376400
-2.376600
-2.376800
-2.377000
-2.377200
-2.377400
-2.377600
-2.377800
-2.378000
-2.378200
-2.378400
-2.378600
-2.378800
-2.379000
-2.379200
-2.379400
-2.379600
-2.379800
-2.380000
-2.380200
-2.380400
-2.380600
-2.380800
-2.381000
-2.381200
-2.381400
-2.381600
-2.381800
-2.382000
-2.382200
-2.382400
-2.382600
-2.382800
-2.383000
-2.383200
-2.383400
-2.383600
-2.383800
-2.384000
-2.384200
-2.384400
-2.384600
-2.384800
-2.385000
-2.385200
-2.385400
-2.385600
-2.385800
-2.386000
-2.386200
-2.386400
-2.386600
-2.386800
-2.387000
-2.387200
-2.387400
-2.387600
-2.387800
-2.388000
-2.388200
-2.388400
-2.388600
-2.388800
-2.389000
-2.389200
-2.389400
-2.389600
-2.389800
-2.390000
-2.390200
-2.390400
-2.390600
-2.390800
-2.391000
-2.391200
-2.391400
-2.391600
-2.391800
-2.392000
-2.392200
-2.392400
-2.392600
-2.392800
-2.393000
-2.393200
-2.393400
-2.393600
-2.393800
-2.394000
-2.394200
-2.394400
-2.394600
-2.394800
-2.395000
-2.395200
-2.395400
-2.395600
-2.395800
-2.396000
-2.396200
-2.396400
-2.396600
-2.396800
-2.397000
-2.397200
-2.397400
-2.397600
-2.397800
-2.398000
-2.398200
-2.398400
-2.398600
-2.398800
-2.399000
-2.399200
-2.399400
-2.399600
-2.399800
-2.400000
-2.400200
-2.400400
-2.400600
-2.400800
-2.401000
-2.401200
-2.401400
-2.401600
-2.401800
-2.402000
-2.402200
-2.402400
-2.402600
-2.402800
-2.403000
-2.403200
-2.403400
-2.403600
-2.403800
-2.404000
-2.404200
-2.404400
-2.404600
-2.404800
-2.405000
-2.405200
-2.405400
-2.405600
-2.405800
-2.406000
-2.406200
-2.406400
-2.406600
-2.406800
-2.407000
-2.407200
-2.407400
-2.407600
-2.407800
-2.408000
-2.408200
-2.408400
-2.408600
-2.408800
-2.409000
-2.409200
-2.409400
-2.409600
-2.409800
-2.410000
-2.410200
-2.410400
-2.410600
-2.410800
-2.411000
-2.411200
-2.411400
-2.411600
-2.411800
-2.412000
-2.412200
-2.412400
-2.412600
-2.412800
-2.413000
-2.413200
-2.413400
-2.413600
-2.413800
-2.414000
-2.414200
-2.414400
-2.414600
-2.414800
-2.415000
-2.415200
-2.415400
-2.415600
-2.415800
-2.416000
-2.416200
-2.416400
-2.416600
-2.416800
-2.417000
-2.417200
-2.417400
-2.417600
-2.417800
-2.418000
-2.418200
-2.418400
-2.418600
-2.418800
-2.419000
-2.419200
-2.419400
-2.419600
-2.419800
-2.420000
-2.420200
-2.420400
-2.420600
-2.420800
-2.421000
-2.421200
-2.421400
-2.421600
-2.421800
-2.422000
-2.422200
-2.422400
-2.422600
-2.422800
-2.423000
-2.423200
-2.423400
-2.423600
-2.423800
-2.424000
-2.424200
-2.424400
-2.424600
-2.424800
-2.425000
-2.425200
-2.425400
-2.425600
-2.425800
-2.426000
-2.426200
-2.426400
-2.426600
-2.426800
-2.427000
-2.427200
-2.427400
-2.427600
-2.427800
-2.428000
-2.428200
-2.428400
-2.428600
-2.428800
-2.429000
-2.429200
-2.429400
-2.429600
-2.429800
-2.430000
-2.430200
-2.430400
-2.430600
-2.430800
-2.431000
-2.431200
-2.431400
-2.431600
-2.431800
-2.432000
-2.432200
-2.432400
-2.432600
-2.432800
-2.433000
-2.433200
-2.433400
-2.433600
-2.433800
-2.434000
-2.434200
-2.434400
-2.434600
-2.434800
-2.435000
-2.435200
-2.435400
-2.435600
-2.435800
-2.436000
-2.436200
-2.436400
-2.436600
-2.436800
-2.437000
-2.437200
-2.437400
-2.437600
-2.437800
-2.438000
-2.438200
-2.438400
-2.438600
-2.438800
-2.439000
-2.439200
-2.439400
-2.439600
-2.439800
-2.440000
-2.440200
-2.440400
-2.440600
-2.440800
-2.441000
-2.441200
-2.441400
-2.441600
-2.441800
-2.442000
-2.442200
-2.442400
-2.442600
-2.442800
-2.443000
-2.443200
-2.443400
-2.443600
-2.443800
-2.444000
-2.444200
-2.444400
-2.444600
-2.444800
-2.445000
-2.445200
-2.445400
-2.445600
-2.445800
-2.446000
-2.446200
-2.446400
-2.446600
-2.446800
-2.447000
-2.447200
-2.447400
-2.447600
-2.447800
-2.448000
-2.448200
-2.448400
-2.448600
-2.448800
-2.449000
-2.449200
-2.449400
-2.449600
-2.449800
-2.450000
-2.450200
-2.450400
-2.450600
-2.450800
-2.451000
-2.451200
-2.451400
-2.451600
-2.451800
-2.452000
-2.452200
-2.452400
-2.452600
-2.452800
-2.453000
-2.453200
-2.453400
-2.453600
-2.453800
-2.454000
-2.454200
-2.454400
-2.454600
-2.454800
-2.455000
-2.455200
-2.455400
-2.455600
-2.455800
-2.456000
-2.456200
-2.456400
-2.456600
-2.456800
-2.457000
-2.457200
-2.457400
-2.457600
-2.457800
-2.458000
-2.458200
-2.458400
-2.458600
-2.458800
-2.459000
-2.459200
-2.459400
-2.459600
-2.459800
-2.460000
-2.460200
-2.460400
-2.460600
-2.460800
-2.461000
-2.461200
-2.461400
-2.461600
-2.461800
-2.462000
-2.462200
-2.462400
-2.462600
-2.462800
-2.463000
-2.463200
-2.463400
-2.463600
-2.463800
-2.464000
-2.464200
-2.464400
-2.464600
-2.464800
-2.465000
-2.465200
-2.465400
-2.465600
-2.465800
-2.466000
-2.466200
-2.466400
-2.466600
-2.466800
-2.467000
-2.467200
-2.467400
-2.467600
-2.467800
-2.468000
-2.468200
-2.468400
-2.468600
-2.468800
-2.469000
-2.469200
-2.469400
-2.469600
-2.469800
-2.470000
-2.470200
-2.470400
-2.470600
-2.470800
-2.471000
-2.471200
-2.471400
-2.471600
-2.471800
-2.472000
-2.472200
-2.472400
-2.472600
-2.472800
-2.473000
-2.473200
-2.473400
-2.473600
-2.473800
-2.474000
-2.474200
-2.474400
-2.474600
-2.474800
-2.475000
-2.475200
-2.475400
-2.475600
-2.475800
-2.476000
-2.476200
-2.476400
-2.476600
-2.476800
-2.477000
-2.477200
-2.477400
-2.477600
-2.477800
-2.478000
-2.478200
-2.478400
-2.478600
-2.478800
-2.479000
-2.479200
-2.479400
-2.479600
-2.479800
-2.480000
-2.480200
-2.480400
-2.480600
-2.480800
-2.481000
-2.481200
-2.481400
-2.481600
-2.481800
-2.482000
-2.482200
-2.482400
-2.482600
-2.482800
-2.483000
-2.483200
-2.483400
-2.483600
-2.483800
-2.484000
-2.484200
-2.484400
-2.484600
-2.484800
-2.485000
-2.485200
-2.485400
-2.485600
-2.485800
-2.486000
-2.486200
-2.486400
-2.486600
-2.486800
-2.487000
-2.487200
-2.487400
-2.487600
-2.487800
-2.488000
-2.488200
-2.488400
-2.488600
-2.488800
-2.489000
-2.489200
-2.489400
-2.489600
-2.489800
-2.490000
-2.490200
-2.490400
-2.490600
-2.490800
-2.491000
-2.491200
-2.491400
-2.491600
-2.491800
-2.492000
-2.492200
-2.492400
-2.492600
-2.492800
-2.493000
-2.493200
-2.493400
-2.493600
-2.493800
-2.494000
-2.494200
-2.494400
-2.494600
-2.494800
-2.495000
-2.495200
-2.495400
-2.495600
-2.495800
-2.496000
-2.496200
-2.496400
-2.496600
-2.496800
-2.497000
-2.497200
-2.497400
-2.497600
-2.497800
-2.498000
-2.498200
-2.498400
-2.498600
-2.498800
-2.499000
-2.499200
-2.499400
-2.499600
-2.499800
-2.500000
-2.500200
-2.500400
-2.500600
-2.500800
-2.501000
-2.501200
-2.501400
-2.501600
-2.501800
-2.502000
-2.502200
-2.502400
-2.502600
-2.502800
-2.503000
-2.503200
-2.503400
-2.503600
-2.503800
-2.504000
-2.504200
-2.504400
-2.504600
-2.504800
-2.505000
-2.505200
-2.505400
-2.505600
-2.505800
-2.506000
-2.506200
-2.506400
-2.506600
-2.506800
-2.507000
-2.507200
-2.507400
-2.507600
-2.507800
-2.508000
-2.508200
-2.508400
-2.508600
-2.508800
-2.509000
-2.509200
-2.509400
-2.509600
-2.509800
-2.510000
-2.510200
-2.510400
-2.510600
-2.510800
-2.511000
-2.511200
-2.511400
-2.511600
-2.511800
-2.512000
-2.512200
-2.512400
-2.512600
-2.512800
-2.513000
-2.513200
-2.513400
-2.513600
-2.513800
-2.514000
-2.514200
-2.514400
-2.514600
-2.514800
-2.515000
-2.515200
-2.515400
-2.515600
-2.515800
-2.516000
-2.516200
-2.516400
-2.516600
-2.516800
-2.517000
-2.517200
-2.517400
-2.517600
-2.517800
-2.518000
-2.518200
-2.518400
-2.518600
-2.518800
-2.519000
-2.519200
-2.519400
-2.519600
-2.519800
-2.520000
-2.520200
-2.520400
-2.520600
-2.520800
-2.521000
-2.521200
-2.521400
-2.521600
-2.521800
-2.522000
-2.522200
-2.522400
-2.522600
-2.522800
-2.523000
-2.523200
-2.523400
-2.523600
-2.523800
-2.524000
-2.524200
-2.524400
-2.524600
-2.524800
-2.525000
-2.525200
-2.525400
-2.525600
-2.525800
-2.526000
-2.526200
-2.526400
-2.526600
-2.526800
-2.527000
-2.527200
-2.527400
-2.527600
-2.527800
-2.528000
-2.528200
-2.528400
-2.528600
-2.528800
-2.529000
-2.529200
-2.529400
-2.529600
-2.529800
-2.530000
-2.530200
-2.530400
-2.530600
-2.530800
-2.531000
-2.531200
-2.531400
-2.531600
-2.531800
-2.532000
-2.532200
-2.532400
-2.532600
-2.532800
-2.533000
-2.533200
-2.533400
-2.533600
-2.533800
-2.534000
-2.534200
-2.534400
-2.534600
-2.534800
-2.535000
-2.535200
-2.535400
-2.535600
-2.535800
-2.536000
-2.536200
-2.536400
-2.536600
-2.536800
-2.537000
-2.537200
-2.537400
-2.537600
-2.537800
-2.538000
-2.538200
-2.538400
-2.538600
-2.538800
-2.539000
-2.539200
-2.539400
-2.539600
-2.539800
-2.540000
-2.540200
-2.540400
-2.540600
-2.540800
-2.541000
-2.541200
-2.541400
-2.541600
-2.541800
-2.542000
-2.542200
-2.542400
-2.542600
-2.542800
-2.543000
-2.543200
-2.543400
-2.543600
-2.543800
-2.544000
-2.544200
-2.544400
-2.544600
-2.544800
-2.545000
-2.545200
-2.545400
-2.545600
-2.545800
-2.546000
-2.546200
-2.546400
-2.546600
-2.546800
-2.547000
-2.547200
-2.547400
-2.547600
-2.547800
-2.548000
-2.548200
-2.548400
-2.548600
-2.548800
-2.549000
-2.549200
-2.549400
-2.549600
-2.549800
-2.550000
-2.550200
-2.550400
-2.550600
-2.550800
-2.551000
-2.551200
-2.551400
-2.551600
-2.551800
-2.552000
-2.552200
-2.552400
-2.552600
-2.552800
-2.553000
-2.553200
-2.553400
-2.553600
-2.553800
-2.554000
-2.554200
-2.554400
-2.554600
-2.554800
-2.555000
-2.555200
-2.555400
-2.555600
-2.555800
-2.556000
-2.556200
-2.556400
-2.556600
-2.556800
-2.557000
-2.557200
-2.557400
-2.557600
-2.557800
-2.558000
-2.558200
-2.558400
-2.558600
-2.558800
-2.559000
-2.559200
-2.559400
-2.559600
-2.559800
-2.560000
-2.560200
-2.560400
-2.560600
-2.560800
-2.561000
-2.561200
-2.561400
-2.561600
-2.561800
-2.562000
-2.562200
-2.562400
-2.562600
-2.562800
-2.563000
-2.563200
-2.563400
-2.563600
-2.563800
-2.564000
-2.564200
-2.564400
-2.564600
-2.564800
-2.565000
-2.565200
-2.565400
-2.565600
-2.565800
-2.566000
-2.566200
-2.566400
-2.566600
-2.566800
-2.567000
-2.567200
-2.567400
-2.567600
-2.567800
-2.568000
-2.568200
-2.568400
-2.568600
-2.568800
-2.569000
-2.569200
-2.569400
-2.569600
-2.569800
-2.570000
-2.570200
-2.570400
-2.570600
-2.570800
-2.571000
-2.571200
-2.571400
-2.571600
-2.571800
-2.572000
-2.572200
-2.572400
-2.572600
-2.572800
-2.573000
-2.573200
-2.573400
-2.573600
-2.573800
-2.574000
-2.574200
-2.574400
-2.574600
-2.574800
-2.575000
-2.575200
-2.575400
-2.575600
-2.575800
-2.576000
-2.576200
-2.576400
-2.576600
-2.576800
-2.577000
-2.577200
-2.577400
-2.577600
-2.577800
-2.578000
-2.578200
-2.578400
-2.578600
-2.578800
-2.579000
-2.579200
-2.579400
-2.579600
-2.579800
-2.580000
-2.580200
-2.580400
-2.580600
-2.580800
-2.581000
-2.581200
-2.581400
-2.581600
-2.581800
-2.582000
-2.582200
-2.582400
-2.582600
-2.582800
-2.583000
-2.583200
-2.583400
-2.583600
-2.583800
-2.584000
-2.584200
-2.584400
-2.584600
-2.584800
-2.585000
-2.585200
-2.585400
-2.585600
-2.585800
-2.586000
-2.586200
-2.586400
-2.586600
-2.586800
-2.587000
-2.587200
-2.587400
-2.587600
-2.587800
-2.588000
-2.588200
-2.588400
-2.588600
-2.588800
-2.589000
-2.589200
-2.589400
-2.589600
-2.589800
-2.590000
-2.590200
-2.590400
-2.590600
-2.590800
-2.591000
-2.591200
-2.591400
-2.591600
-2.591800
-2.592000
-2.592200
-2.592400
-2.592600
-2.592800
-2.593000
-2.593200
-2.593400
-2.593600
-2.593800
-2.594000
-2.594200
-2.594400
-2.594600
-2.594800
-2.595000
-2.595200
-2.595400
-2.595600
-2.595800
-2.596000
-2.596200
-2.596400
-2.596600
-2.596800
-2.597000
-2.597200
-2.597400
-2.597600
-2.597800
-2.598000
-2.598200
-2.598400
-2.598600
-2.598800
-2.599000
-2.599200
-2.599400
-2.599600
-2.599800
-2.600000
-2.600200
-2.600400
-2.600600
-2.600800
-2.601000
-2.601200
-2.601400
-2.601600
-2.601800
-2.602000
-2.602200
-2.602400
-2.602600
-2.602800
-2.603000
-2.603200
-2.603400
-2.603600
-2.603800
-2.604000
-2.604200
-2.604400
-2.604600
-2.604800
-2.605000
-2.605200
-2.605400
-2.605600
-2.605800
-2.606000
-2.606200
-2.606400
-2.606600
-2.606800
-2.607000
-2.607200
-2.607400
-2.607600
-2.607800
-2.608000
-2.608200
-2.608400
-2.608600
-2.608800
-2.609000
-2.609200
-2.609400
-2.609600
-2.609800
-2.610000
-2.610200
-2.610400
-2.610600
-2.610800
-2.611000
-2.611200
-2.611400
-2.611600
-2.611800
-2.612000
-2.612200
-2.612400
-2.612600
-2.612800
-2.613000
-2.613200
-2.613400
-2.613600
-2.613800
-2.614000
-2.614200
-2.614400
-2.614600
-2.614800
-2.615000
-2.615200
-2.615400
-2.615600
-2.615800
-2.616000
-2.616200
-2.616400
-2.616600
-2.616800
-2.617000
-2.617200
-2.617400
-2.617600
-2.617800
-2.618000
-2.618200
-2.618400
-2.618600
-2.618800
-2.619000
-2.619200
-2.619400
-2.619600
-2.619800
-2.620000
-2.620200
-2.620400
-2.620600
-2.620800
-2.621000
-2.621200
-2.621400
-2.621600
-2.621800
-2.622000
-2.622200
-2.622400
-2.622600
-2.622800
-2.623000
-2.623200
-2.623400
-2.623600
-2.623800
-2.624000
-2.624200
-2.624400
-2.624600
-2.624800
-2.625000
-2.625200
-2.625400
-2.625600
-2.625800
-2.626000
-2.626200
-2.626400
-2.626600
-2.626800
-2.627000
-2.627200
-2.627400
-2.627600
-2.627800
-2.628000
-2.628200
-2.628400
-2.628600
-2.628800
-2.629000
-2.629200
-2.629400
-2.629600
-2.629800
-2.630000
-2.630200
-2.630400
-2.630600
-2.630800
-2.631000
-2.631200
-2.631400
-2.631600
-2.631800
-2.632000
-2.632200
-2.632400
-2.632600
-2.632800
-2.633000
-2.633200
-2.633400
-2.633600
-2.633800
-2.634000
-2.634200
-2.634400
-2.634600
-2.634800
-2.635000
-2.635200
-2.635400
-2.635600
-2.635800
-2.636000
-2.636200
-2.636400
-2.636600
-2.636800
-2.637000
-2.637200
-2.637400
-2.637600
-2.637800
-2.638000
-2.638200
-2.638400
-2.638600
-2.638800
-2.639000
-2.639200
-2.639400
-2.639600
-2.639800
-2.640000
-2.640200
-2.640400
-2.640600
-2.640800
-2.641000
-2.641200
-2.641400
-2.641600
-2.641800
-2.642000
-2.642200
-2.642400
-2.642600
-2.642800
-2.643000
-2.643200
-2.643400
-2.643600
-2.643800
-2.644000
-2.644200
-2.644400
-2.644600
-2.644800
-2.645000
-2.645200
-2.645400
-2.645600
-2.645800
-2.646000
-2.646200
-2.646400
-2.646600
-2.646800
-2.647000
-2.647200
-2.647400
-2.647600
-2.647800
-2.648000
-2.648200
-2.648400
-2.648600
-2.648800
-2.649000
-2.649200
-2.649400
-2.649600
-2.649800
-2.650000
-2.650200
-2.650400
-2.650600
-2.650800
-2.651000
-2.651200
-2.651400
-2.651600
-2.651800
-2.652000
-2.652200
-2.652400
-2.652600
-2.652800
-2.653000
-2.653200
-2.653400
-2.653600
-2.653800
-2.654000
-2.654200
-2.654400
-2.654600
-2.654800
-2.655000
-2.655200
-2.655400
-2.655600
-2.655800
-2.656000
-2.656200
-2.656400
-2.656600
-2.656800
-2.657000
-2.657200
-2.657400
-2.657600
-2.657800
-2.658000
-2.658200
-2.658400
-2.658600
-2.658800
-2.659000
-2.659200
-2.659400
-2.659600
-2.659800
-2.660000
-2.660200
-2.660400
-2.660600
-2.660800
-2.661000
-2.661200
-2.661400
-2.661600
-2.661800
-2.662000
-2.662200
-2.662400
-2.662600
-2.662800
-2.663000
-2.663200
-2.663400
-2.663600
-2.663800
-2.664000
-2.664200
-2.664400
-2.664600
-2.664800
-2.665000
-2.665200
-2.665400
-2.665600
-2.665800
-2.666000
-2.666200
-2.666400
-2.666600
-2.666800
-2.667000
-2.667200
-2.667400
-2.667600
-2.667800
-2.668000
-2.668200
-2.668400
-2.668600
-2.668800
-2.669000
-2.669200
-2.669400
-2.669600
-2.669800
-2.670000
-2.670200
-2.670400
-2.670600
-2.670800
-2.671000
-2.671200
-2.671400
-2.671600
-2.671800
-2.672000
-2.672200
-2.672400
-2.672600
-2.672800
-2.673000
-2.673200
-2.673400
-2.673600
-2.673800
-2.674000
-2.674200
-2.674400
-2.674600
-2.674800
-2.675000
-2.675200
-2.675400
-2.675600
-2.675800
-2.676000
-2.676200
-2.676400
-2.676600
-2.676800
-2.677000
-2.677200
-2.677400
-2.677600
-2.677800
-2.678000
-2.678200
-2.678400
-2.678600
-2.678800
-2.679000
-2.679200
-2.679400
-2.679600
-2.679800
-2.680000
-2.680200
-2.680400
-2.680600
-2.680800
-2.681000
-2.681200
-2.681400
-2.681600
-2.681800
-2.682000
-2.682200
-2.682400
-2.682600
-2.682800
-2.683000
-2.683200
-2.683400
-2.683600
-2.683800
-2.684000
-2.684200
-2.684400
-2.684600
-2.684800
-2.685000
-2.685200
-2.685400
-2.685600
-2.685800
-2.686000
-2.686200
-2.686400
-2.686600
-2.686800
-2.687000
-2.687200
-2.687400
-2.687600
-2.687800
-2.688000
-2.688200
-2.688400
-2.688600
-2.688800
-2.689000
-2.689200
-2.689400
-2.689600
-2.689800
-2.690000
-2.690200
-2.690400
-2.690600
-2.690800
-2.691000
-2.691200
-2.691400
-2.691600
-2.691800
-2.692000
-2.692200
-2.692400
-2.692600
-2.692800
-2.693000
-2.693200
-2.693400
-2.693600
-2.693800
-2.694000
-2.694200
-2.694400
-2.694600
-2.694800
-2.695000
-2.695200
-2.695400
-2.695600
-2.695800
-2.696000
-2.696200
-2.696400
-2.696600
-2.696800
-2.697000
-2.697200
-2.697400
-2.697600
-2.697800
-2.698000
-2.698200
-2.698400
-2.698600
-2.698800
-2.699000
-2.699200
-2.699400
-2.699600
-2.699800
-2.700000
-2.700200
-2.700400
-2.700600
-2.700800
-2.701000
-2.701200
-2.701400
-2.701600
-2.701800
-2.702000
-2.702200
-2.702400
-2.702600
-2.702800
-2.703000
-2.703200
-2.703400
-2.703600
-2.703800
-2.704000
-2.704200
-2.704400
-2.704600
-2.704800
-2.705000
-2.705200
-2.705400
-2.705600
-2.705800
-2.706000
-2.706200
-2.706400
-2.706600
-2.706800
-2.707000
-2.707200
-2.707400
-2.707600
-2.707800
-2.708000
-2.708200
-2.708400
-2.708600
-2.708800
-2.709000
-2.709200
-2.709400
-2.709600
-2.709800
-2.710000
-2.710200
-2.710400
-2.710600
-2.710800
-2.711000
-2.711200
-2.711400
-2.711600
-2.711800
-2.712000
-2.712200
-2.712400
-2.712600
-2.712800
-2.713000
-2.713200
-2.713400
-2.713600
-2.713800
-2.714000
-2.714200
-2.714400
-2.714600
-2.714800
-2.715000
-2.715200
-2.715400
-2.715600
-2.715800
-2.716000
-2.716200
-2.716400
-2.716600
-2.716800
-2.717000
-2.717200
-2.717400
-2.717600
-2.717800
-2.718000
-2.718200
-2.718400
-2.718600
-2.718800
-2.719000
-2.719200
-2.719400
-2.719600
-2.719800
-2.720000
-2.720200
-2.720400
-2.720600
-2.720800
-2.721000
-2.721200
-2.721400
-2.721600
-2.721800
-2.722000
-2.722200
-2.722400
-2.722600
-2.722800
-2.723000
-2.723200
-2.723400
-2.723600
-2.723800
-2.724000
-2.724200
-2.724400
-2.724600
-2.724800
-2.725000
-2.725200
-2.725400
-2.725600
-2.725800
-2.726000
-2.726200
-2.726400
-2.726600
-2.726800
-2.727000
-2.727200
-2.727400
-2.727600
-2.727800
-2.728000
-2.728200
-2.728400
-2.728600
-2.728800
-2.729000
-2.729200
-2.729400
-2.729600
-2.729800
-2.730000
-2.730200
-2.730400
-2.730600
-2.730800
-2.731000
-2.731200
-2.731400
-2.731600
-2.731800
-2.732000
-2.732200
-2.732400
-2.732600
-2.732800
-2.733000
-2.733200
-2.733400
-2.733600
-2.733800
-2.734000
-2.734200
-2.734400
-2.734600
-2.734800
-2.735000
-2.735200
-2.735400
-2.735600
-2.735800
-2.736000
-2.736200
-2.736400
-2.736600
-2.736800
-2.737000
-2.737200
-2.737400
-2.737600
-2.737800
-2.738000
-2.738200
-2.738400
-2.738600
-2.738800
-2.739000
-2.739200
-2.739400
-2.739600
-2.739800
-2.740000
-2.740200
-2.740400
-2.740600
-2.740800
-2.741000
-2.741200
-2.741400
-2.741600
-2.741800
-2.742000
-2.742200
-2.742400
-2.742600
-2.742800
-2.743000
-2.743200
-2.743400
-2.743600
-2.743800
-2.744000
-2.744200
-2.744400
-2.744600
-2.744800
-2.745000
-2.745200
-2.745400
-2.745600
-2.745800
-2.746000
-2.746200
-2.746400
-2.746600
-2.746800
-2.747000
-2.747200
-2.747400
-2.747600
-2.747800
-2.748000
-2.748200
-2.748400
-2.748600
-2.748800
-2.749000
-2.749200
-2.749400
-2.749600
-2.749800
-2.750000
-2.750200
-2.750400
-2.750600
-2.750800
-2.751000
-2.751200
-2.751400
-2.751600
-2.751800
-2.752000
-2.752200
-2.752400
-2.752600
-2.752800
-2.753000
-2.753200
-2.753400
-2.753600
-2.753800
-2.754000
-2.754200
-2.754400
-2.754600
-2.754800
-2.755000
-2.755200
-2.755400
-2.755600
-2.755800
-2.756000
-2.756200
-2.756400
-2.756600
-2.756800
-2.757000
-2.757200
-2.757400
-2.757600
-2.757800
-2.758000
-2.758200
-2.758400
-2.758600
-2.758800
-2.759000
-2.759200
-2.759400
-2.759600
-2.759800
-2.760000
-2.760200
-2.760400
-2.760600
-2.760800
-2.761000
-2.761200
-2.761400
-2.761600
-2.761800
-2.762000
-2.762200
-2.762400
-2.762600
-2.762800
-2.763000
-2.763200
-2.763400
-2.763600
-2.763800
-2.764000
-2.764200
-2.764400
-2.764600
-2.764800
-2.765000
-2.765200
-2.765400
-2.765600
-2.765800
-2.766000
-2.766200
-2.766400
-2.766600
-2.766800
-2.767000
-2.767200
-2.767400
-2.767600
-2.767800
-2.768000
-2.768200
-2.768400
-2.768600
-2.768800
-2.769000
-2.769200
-2.769400
-2.769600
-2.769800
-2.770000
-2.770200
-2.770400
-2.770600
-2.770800
-2.771000
-2.771200
-2.771400
-2.771600
-2.771800
-2.772000
-2.772200
-2.772400
-2.772600
-2.772800
-2.773000
-2.773200
-2.773400
-2.773600
-2.773800
-2.774000
-2.774200
-2.774400
-2.774600
-2.774800
-2.775000
-2.775200
-2.775400
-2.775600
-2.775800
-2.776000
-2.776200
-2.776400
-2.776600
-2.776800
-2.777000
-2.777200
-2.777400
-2.777600
-2.777800
-2.778000
-2.778200
-2.778400
-2.778600
-2.778800
-2.779000
-2.779200
-2.779400
-2.779600
-2.779800
-2.780000
-2.780200
-2.780400
-2.780600
-2.780800
-2.781000
-2.781200
-2.781400
-2.781600
-2.781800
-2.782000
-2.782200
-2.782400
-2.782600
-2.782800
-2.783000
-2.783200
-2.783400
-2.783600
-2.783800
-2.784000
-2.784200
-2.784400
-2.784600
-2.784800
-2.785000
-2.785200
-2.785400
-2.785600
-2.785800
-2.786000
-2.786200
-2.786400
-2.786600
-2.786800
-2.787000
-2.787200
-2.787400
-2.787600
-2.787800
-2.788000
-2.788200
-2.788400
-2.788600
-2.788800
-2.789000
-2.789200
-2.789400
-2.789600
-2.789800
-2.790000
-2.790200
-2.790400
-2.790600
-2.790800
-2.791000
-2.791200
-2.791400
-2.791600
-2.791800
-2.792000
-2.792200
-2.792400
-2.792600
-2.792800
-2.793000
-2.793200
-2.793400
-2.793600
-2.793800
-2.794000
-2.794200
-2.794400
-2.794600
-2.794800
-2.795000
-2.795200
-2.795400
-2.795600
-2.795800
-2.796000
-2.796200
-2.796400
-2.796600
-2.796800
-2.797000
-2.797200
-2.797400
-2.797600
-2.797800
-2.798000
-2.798200
-2.798400
-2.798600
-2.798800
-2.799000
-2.799200
-2.799400
-2.799600
-2.799800
-2.800000
-2.800200
-2.800400
-2.800600
-2.800800
-2.801000
-2.801200
-2.801400
-2.801600
-2.801800
-2.802000
-2.802200
-2.802400
-2.802600
-2.802800
-2.803000
-2.803200
-2.803400
-2.803600
-2.803800
-2.804000
-2.804200
-2.804400
-2.804600
-2.804800
-2.805000
-2.805200
-2.805400
-2.805600
-2.805800
-2.806000
-2.806200
-2.806400
-2.806600
-2.806800
-2.807000
-2.807200
-2.807400
-2.807600
-2.807800
-2.808000
-2.808200
-2.808400
-2.808600
-2.808800
-2.809000
-2.809200
-2.809400
-2.809600
-2.809800
-2.810000
-2.810200
-2.810400
-2.810600
-2.810800
-2.811000
-2.811200
-2.811400
-2.811600
-2.811800
-2.812000
-2.812200
-2.812400
-2.812600
-2.812800
-2.813000
-2.813200
-2.813400
-2.813600
-2.813800
-2.814000
-2.814200
-2.814400
-2.814600
-2.814800
-2.815000
-2.815200
-2.815400
-2.815600
-2.815800
-2.816000
-2.816200
-2.816400
-2.816600
-2.816800
-2.817000
-2.817200
-2.817400
-2.817600
-2.817800
-2.818000
-2.818200
-2.818400
-2.818600
-2.818800
-2.819000
-2.819200
-2.819400
-2.819600
-2.819800
-2.820000
-2.820200
-2.820400
-2.820600
-2.820800
-2.821000
-2.821200
-2.821400
-2.821600
-2.821800
-2.822000
-2.822200
-2.822400
-2.822600
-2.822800
-2.823000
-2.823200
-2.823400
-2.823600
-2.823800
-2.824000
-2.824200
-2.824400
-2.824600
-2.824800
-2.825000
-2.825200
-2.825400
-2.825600
-2.825800
-2.826000
-2.826200
-2.826400
-2.826600
-2.826800
-2.827000
-2.827200
-2.827400
-2.827600
-2.827800
-2.828000
-2.828200
-2.828400
-2.828600
-2.828800
-2.829000
-2.829200
-2.829400
-2.829600
-2.829800
-2.830000
-2.830200
-2.830400
-2.830600
-2.830800
-2.831000
-2.831200
-2.831400
-2.831600
-2.831800
-2.832000
-2.832200
-2.832400
-2.832600
-2.832800
-2.833000
-2.833200
-2.833400
-2.833600
-2.833800
-2.834000
-2.834200
-2.834400
-2.834600
-2.834800
-2.835000
-2.835200
-2.835400
-2.835600
-2.835800
-2.836000
-2.836200
-2.836400
-2.836600
-2.836800
-2.837000
-2.837200
-2.837400
-2.837600
-2.837800
-2.838000
-2.838200
-2.838400
-2.838600
-2.838800
-2.839000
-2.839200
-2.839400
-2.839600
-2.839800
-2.840000
-2.840200
-2.840400
-2.840600
-2.840800
-2.841000
-2.841200
-2.841400
-2.841600
-2.841800
-2.842000
-2.842200
-2.842400
-2.842600
-2.842800
-2.843000
-2.843200
-2.843400
-2.843600
-2.843800
-2.844000
-2.844200
-2.844400
-2.844600
-2.844800
-2.845000
-2.845200
-2.845400
-2.845600
-2.845800
-2.846000
-2.846200
-2.846400
-2.846600
-2.846800
-2.847000
-2.847200
-2.847400
-2.847600
-2.847800
-2.848000
-2.848200
-2.848400
-2.848600
-2.848800
-2.849000
-2.849200
-2.849400
-2.849600
-2.849800
-2.850000
-2.850200
-2.850400
-2.850600
-2.850800
-2.851000
-2.851200
-2.851400
-2.851600
-2.851800
-2.852000
-2.852200
-2.852400
-2.852600
-2.852800
-2.853000
-2.853200
-2.853400
-2.853600
-2.853800
-2.854000
-2.854200
-2.854400
-2.854600
-2.854800
-2.855000
-2.855200
-2.855400
-2.855600
-2.855800
-2.856000
-2.856200
-2.856400
-2.856600
-2.856800
-2.857000
-2.857200
-2.857400
-2.857600
-2.857800
-2.858000
-2.858200
-2.858400
-2.858600
-2.858800
-2.859000
-2.859200
-2.859400
-2.859600
-2.859800
-2.860000
-2.860200
-2.860400
-2.860600
-2.860800
-2.861000
-2.861200
-2.861400
-2.861600
-2.861800
-2.862000
-2.862200
-2.862400
-2.862600
-2.862800
-2.863000
-2.863200
-2.863400
-2.863600
-2.863800
-2.864000
-2.864200
-2.864400
-2.864600
-2.864800
-2.865000
-2.865200
-2.865400
-2.865600
-2.865800
-2.866000
-2.866200
-2.866400
-2.866600
-2.866800
-2.867000
-2.867200
-2.867400
-2.867600
-2.867800
-2.868000
-2.868200
-2.868400
-2.868600
-2.868800
-2.869000
-2.869200
-2.869400
-2.869600
-2.869800
-2.870000
-2.870200
-2.870400
-2.870600
-2.870800
-2.871000
-2.871200
-2.871400
-2.871600
-2.871800
-2.872000
-2.872200
-2.872400
-2.872600
-2.872800
-2.873000
-2.873200
-2.873400
-2.873600
-2.873800
-2.874000
-2.874200
-2.874400
-2.874600
-2.874800
-2.875000
-2.875200
-2.875400
-2.875600
-2.875800
-2.876000
-2.876200
-2.876400
-2.876600
-2.876800
-2.877000
-2.877200
-2.877400
-2.877600
-2.877800
-2.878000
-2.878200
-2.878400
-2.878600
-2.878800
-2.879000
-2.879200
-2.879400
-2.879600
-2.879800
-2.880000
-2.880200
-2.880400
-2.880600
-2.880800
-2.881000
-2.881200
-2.881400
-2.881600
-2.881800
-2.882000
-2.882200
-2.882400
-2.882600
-2.882800
-2.883000
-2.883200
-2.883400
-2.883600
-2.883800
-2.884000
-2.884200
-2.884400
-2.884600
-2.884800
-2.885000
-2.885200
-2.885400
-2.885600
-2.885800
-2.886000
-2.886200
-2.886400
-2.886600
-2.886800
-2.887000
-2.887200
-2.887400
-2.887600
-2.887800
-2.888000
-2.888200
-2.888400
-2.888600
-2.888800
-2.889000
-2.889200
-2.889400
-2.889600
-2.889800
-2.890000
-2.890200
-2.890400
-2.890600
-2.890800
-2.891000
-2.891200
-2.891400
-2.891600
-2.891800
-2.892000
-2.892200
-2.892400
-2.892600
-2.892800
-2.893000
-2.893200
-2.893400
-2.893600
-2.893800
-2.894000
-2.894200
-2.894400
-2.894600
-2.894800
-2.895000
-2.895200
-2.895400
-2.895600
-2.895800
-2.896000
-2.896200
-2.896400
-2.896600
-2.896800
-2.897000
-2.897200
-2.897400
-2.897600
-2.897800
-2.898000
-2.898200
-2.898400
-2.898600
-2.898800
-2.899000
-2.899200
-2.899400
-2.899600
-2.899800
-2.900000
-2.900200
-2.900400
-2.900600
-2.900800
-2.901000
-2.901200
-2.901400
-2.901600
-2.901800
-2.902000
-2.902200
-2.902400
-2.902600
-2.902800
-2.903000
-2.903200
-2.903400
-2.903600
-2.903800
-2.904000
-2.904200
-2.904400
-2.904600
-2.904800
-2.905000
-2.905200
-2.905400
-2.905600
-2.905800
-2.906000
-2.906200
-2.906400
-2.906600
-2.906800
-2.907000
-2.907200
-2.907400
-2.907600
-2.907800
-2.908000
-2.908200
-2.908400
-2.908600
-2.908800
-2.909000
-2.909200
-2.909400
-2.909600
-2.909800
-2.910000
-2.910200
-2.910400
-2.910600
-2.910800
-2.911000
-2.911200
-2.911400
-2.911600
-2.911800
-2.912000
-2.912200
-2.912400
-2.912600
-2.912800
-2.913000
-2.913200
-2.913400
-2.913600
-2.913800
-2.914000
-2.914200
-2.914400
-2.914600
-2.914800
-2.915000
-2.915200
-2.915400
-2.915600
-2.915800
-2.916000
-2.916200
-2.916400
-2.916600
-2.916800
-2.917000
-2.917200
-2.917400
-2.917600
-2.917800
-2.918000
-2.918200
-2.918400
-2.918600
-2.918800
-2.919000
-2.919200
-2.919400
-2.919600
-2.919800
-2.920000
-2.920200
-2.920400
-2.920600
-2.920800
-2.921000
-2.921200
-2.921400
-2.921600
-2.921800
-2.922000
-2.922200
-2.922400
-2.922600
-2.922800
-2.923000
-2.923200
-2.923400
-2.923600
-2.923800
-2.924000
-2.924200
-2.924400
-2.924600
-2.924800
-2.925000
-2.925200
-2.925400
-2.925600
-2.925800
-2.926000
-2.926200
-2.926400
-2.926600
-2.926800
-2.927000
-2.927200
-2.927400
-2.927600
-2.927800
-2.928000
-2.928200
-2.928400
-2.928600
-2.928800
-2.929000
-2.929200
-2.929400
-2.929600
-2.929800
-2.930000
-2.930200
-2.930400
-2.930600
-2.930800
-2.931000
-2.931200
-2.931400
-2.931600
-2.931800
-2.932000
-2.932200
-2.932400
-2.932600
-2.932800
-2.933000
-2.933200
-2.933400
-2.933600
-2.933800
-2.934000
-2.934200
-2.934400
-2.934600
-2.934800
-2.935000
-2.935200
-2.935400
-2.935600
-2.935800
-2.936000
-2.936200
-2.936400
-2.936600
-2.936800
-2.937000
-2.937200
-2.937400
-2.937600
-2.937800
-2.938000
-2.938200
-2.938400
-2.938600
-2.938800
-2.939000
-2.939200
-2.939400
-2.939600
-2.939800
-2.940000
-2.940200
-2.940400
-2.940600
-2.940800
-2.941000
-2.941200
-2.941400
-2.941600
-2.941800
-2.942000
-2.942200
-2.942400
-2.942600
-2.942800
-2.943000
-2.943200
-2.943400
-2.943600
-2.943800
-2.944000
-2.944200
-2.944400
-2.944600
-2.944800
-2.945000
-2.945200
-2.945400
-2.945600
-2.945800
-2.946000
-2.946200
-2.946400
-2.946600
-2.946800
-2.947000
-2.947200
-2.947400
-2.947600
-2.947800
-2.948000
-2.948200
-2.948400
-2.948600
-2.948800
-2.949000
-2.949200
-2.949400
-2.949600
-2.949800
-2.950000
-2.950200
-2.950400
-2.950600
-2.950800
-2.951000
-2.951200
-2.951400
-2.951600
-2.951800
-2.952000
-2.952200
-2.952400
-2.952600
-2.952800
-2.953000
-2.953200
-2.953400
-2.953600
-2.953800
-2.954000
-2.954200
-2.954400
-2.954600
-2.954800
-2.955000
-2.955200
-2.955400
-2.955600
-2.955800
-2.956000
-2.956200
-2.956400
-2.956600
-2.956800
-2.957000
-2.957200
-2.957400
-2.957600
-2.957800
-2.958000
-2.958200
-2.958400
-2.958600
-2.958800
-2.959000
-2.959200
-2.959400
-2.959600
-2.959800
-2.960000
-2.960200
-2.960400
-2.960600
-2.960800
-2.961000
-2.961200
-2.961400
-2.961600
-2.961800
-2.962000
-2.962200
-2.962400
-2.962600
-2.962800
-2.963000
-2.963200
-2.963400
-2.963600
-2.963800
-2.964000
-2.964200
-2.964400
-2.964600
-2.964800
-2.965000
-2.965200
-2.965400
-2.965600
-2.965800
-2.966000
-2.966200
-2.966400
-2.966600
-2.966800
-2.967000
-2.967200
-2.967400
-2.967600
-2.967800
-2.968000
-2.968200
-2.968400
-2.968600
-2.968800
-2.969000
-2.969200
-2.969400
-2.969600
-2.969800
-2.970000
-2.970200
-2.970400
-2.970600
-2.970800
-2.971000
-2.971200
-2.971400
-2.971600
-2.971800
-2.972000
-2.972200
-2.972400
-2.972600
-2.972800
-2.973000
-2.973200
-2.973400
-2.973600
-2.973800
-2.974000
-2.974200
-2.974400
-2.974600
-2.974800
-2.975000
-2.975200
-2.975400
-2.975600
-2.975800
-2.976000
-2.976200
-2.976400
-2.976600
-2.976800
-2.977000
-2.977200
-2.977400
-2.977600
-2.977800
-2.978000
-2.978200
-2.978400
-2.978600
-2.978800
-2.979000
-2.979200
-2.979400
-2.979600
-2.979800
-2.980000
-2.980200
-2.980400
-2.980600
-2.980800
-2.981000
-2.981200
-2.981400
-2.981600
-2.981800
-2.982000
-2.982200
-2.982400
-2.982600
-2.982800
-2.983000
-2.983200
-2.983400
-2.983600
-2.983800
-2.984000
-2.984200
-2.984400
-2.984600
-2.984800
-2.985000
-2.985200
-2.985400
-2.985600
-2.985800
-2.986000
-2.986200
-2.986400
-2.986600
-2.986800
-2.987000
-2.987200
-2.987400
-2.987600
-2.987800
-2.988000
-2.988200
-2.988400
-2.988600
-2.988800
-2.989000
-2.989200
-2.989400
-2.989600
-2.989800
-2.990000
-2.990200
-2.990400
-2.990600
-2.990800
-2.991000
-2.991200
-2.991400
-2.991600
-2.991800
-2.992000
-2.992200
-2.992400
-2.992600
-2.992800
-2.993000
-2.993200
-2.993400
-2.993600
-2.993800
-2.994000
-2.994200
-2.994400
-2.994600
-2.994800
-2.995000
-2.995200
-2.995400
-2.995600
-2.995800
-2.996000
-2.996200
-2.996400
-2.996600
-2.996800
-2.997000
-2.997200
-2.997400
-2.997600
-2.997800
-2.998000
-2.998200
-2.998400
-2.998600
-2.998800
-2.999000
-2.999200
-2.999400
-2.999600
-2.999800
-3.000000
