3.000000
3.000200
3.000400
3.000600
3.000800
3.001000
3.001200
3.001400
3.001600
3.001800
3.002000
3.002200
3.002400
3.002600
3.002800
3.003000
3.003200
3.003400
3.003600
3.003800
3.004000
3.004200
3.004400
3.004600
3.004800
3.005000
3.005200
3.005400
3.005600
3.005800
3.006000
3.006200
3.006400
3.006600
3.006800
3.007000
3.007200
3.007400
3.007600
3.007800
3.008000
3.008200
3.008400
3.008600
3.008800
3.009000
3.009200
3.009400
3.009600
3.009800
3.010000
3.010200
3.010400
3.010600
3.010800
3.011000
3.011200
3.011400
3.011600
3.011800
3.012000
3.012200
3.012400
3.012600
3.012800
3.013000
3.013200
3.013400
3.013600
3.013800
3.014000
3.014200
3.014400
3.014600
3.014800
3.015000
3.015200
3.015400
3.015600
3.015800
3.016000
3.016200
3.016400
3.016600
3.016800
3.017000
3.017200
3.017400
3.017600
3.017800
3.018000
3.018200
3.018400
3.018600
3.018800
3.019000
3.019200
3.019400
3.019600
3.019800
3.020000
3.020200
3.020400
3.020600
3.020800
3.021000
3.021200
3.021400
3.021600
3.021800
3.022000
3.022200
3.022400
3.022600
3.022800
3.023000
3.023200
3.023400
3.023600
3.023800
3.024000
3.024200
3.024400
3.024600
3.024800
3.025000
3.025200
3.025400
3.025600
3.025800
3.026000
3.026200
3.026400
3.026600
3.026800
3.027000
3.027200
3.027400
3.027600
3.027800
3.028000
3.028200
3.028400
3.028600
3.028800
3.029000
3.029200
3.029400
3.029600
3.029800
3.030000
3.030200
3.030400
3.030600
3.030800
3.031000
3.031200
3.031400
3.031600
3.031800
3.032000
3.032200
3.032400
3.032600
3.032800
3.033000
3.033200
3.033400
3.033600
3.033800
3.034000
3.034200
3.034400
3.034600
3.034800
3.035000
3.035200
3.035400
3.035600
3.035800
3.036000
3.036200
3.036400
3.036600
3.036800
3.037000
3.037200
3.037400
3.037600
3.037800
3.038000
3.038200
3.038400
3.038600
3.038800
3.039000
3.039200
3.039400
3.039600
3.039800
3.040000
3.040200
3.040400
3.040600
3.040800
3.041000
3.041200
3.041400
3.041600
3.041800
3.042000
3.042200
3.042400
3.042600
3.042800
3.043000
3.043200
3.043400
3.043600
3.043800
3.044000
3.044200
3.044400
3.044600
3.044800
3.045000
3.045200
3.045400
3.045600
3.045800
3.046000
3.046200
3.046400
3.046600
3.046800
3.047000
3.047200
3.047400
3.047600
3.047800
3.048000
3.048200
3.048400
3.048600
3.048800
3.049000
3.049200
3.049400
3.049600
3.049800
3.050000
3.050200
3.050400
3.050600
3.050800
3.051000
3.051200
3.051400
3.051600
3.051800
3.052000
3.052200
3.052400
3.052600
3.052800
3.053000
3.053200
3.053400
3.053600
3.053800
3.054000
3.054200
3.054400
3.054600
3.054800
3.055000
3.055200
3.055400
3.055600
3.055800
3.056000
3.056200
3.056400
3.056600
3.056800
3.057000
3.057200
3.057400
3.057600
3.057800
3.058000
3.058200
3.058400
3.058600
3.058800
3.059000
3.059200
3.059400
3.059600
3.059800
3.060000
3.060200
3.060400
3.060600
3.060800
3.061000
3.061200
3.061400
3.061600
3.061800
3.062000
3.062200
3.062400
3.062600
3.062800
3.063000
3.063200
3.063400
3.063600
3.063800
3.064000
3.064200
3.064400
3.064600
3.064800
3.065000
3.065200
3.065400
3.065600
3.065800
3.066000
3.066200
3.066400
3.066600
3.066800
3.067000
3.067200
3.067400
3.067600
3.067800
3.068000
3.068200
3.068400
3.068600
3.068800
3.069000
3.069200
3.069400
3.069600
3.069800
3.070000
3.070200
3.070400
3.070600
3.070800
3.071000
3.071200
3.071400
3.071600
3.071800
3.072000
3.072200
3.072400
3.072600
3.072800
3.073000
3.073200
3.073400
3.073600
3.073800
3.074000
3.074200
3.074400
3.074600
3.074800
3.075000
3.075200
3.075400
3.075600
3.075800
3.076000
3.076200
3.076400
3.076600
3.076800
3.077000
3.077200
3.077400
3.077600
3.077800
3.078000
3.078200
3.078400
3.078600
3.078800
3.079000
3.079200
3.079400
3.079600
3.079800
3.080000
3.080200
3.080400
3.080600
3.080800
3.081000
3.081200
3.081400
3.081600
3.081800
3.082000
3.082200
3.082400
3.082600
3.082800
3.083000
3.083200
3.083400
3.083600
3.083800
3.084000
3.084200
3.084400
3.084600
3.084800
3.085000
3.085200
3.085400
3.085600
3.085800
3.086000
3.086200
3.086400
3.086600
3.086800
3.087000
3.087200
3.087400
3.087600
3.087800
3.088000
3.088200
3.088400
3.088600
3.088800
3.089000
3.089200
3.089400
3.089600
3.089800
3.090000
3.090200
3.090400
3.090600
3.090800
3.091000
3.091200
3.091400
3.091600
3.091800
3.092000
3.092200
3.092400
3.092600
3.092800
3.093000
3.093200
3.093400
3.093600
3.093800
3.094000
3.094200
3.094400
3.094600
3.094800
3.095000
3.095200
3.095400
3.095600
3.095800
3.096000
3.096200
3.096400
3.096600
3.096800
3.097000
3.097200
3.097400
3.097600
3.097800
3.098000
3.098200
3.098400
3.098600
3.098800
3.099000
3.099200
3.099400
3.099600
3.099800
3.100000
3.100200
3.100400
3.100600
3.100800
3.101000
3.101200
3.101400
3.101600
3.101800
3.102000
3.102200
3.102400
3.102600
3.102800
3.103000
3.103200
3.103400
3.103600
3.103800
3.104000
3.104200
3.104400
3.104600
3.104800
3.105000
3.105200
3.105400
3.105600
3.105800
3.106000
3.106200
3.106400
3.106600
3.106800
3.107000
3.107200
3.107400
3.107600
3.107800
3.108000
3.108200
3.108400
3.108600
3.108800
3.109000
3.109200
3.109400
3.109600
3.109800
3.110000
3.110200
3.110400
3.110600
3.110800
3.111000
3.111200
3.111400
3.111600
3.111800
3.112000
3.112200
3.112400
3.112600
3.112800
3.113000
3.113200
3.113400
3.113600
3.113800
3.114000
3.114200
3.114400
3.114600
3.114800
3.115000
3.115200
3.115400
3.115600
3.115800
3.116000
3.116200
3.116400
3.116600
3.116800
3.117000
3.117200
3.117400
3.117600
3.117800
3.118000
3.118200
3.118400
3.118600
3.118800
3.119000
3.119200
3.119400
3.119600
3.119800
3.120000
3.120200
3.120400
3.120600
3.120800
3.121000
3.121200
3.121400
3.121600
3.121800
3.122000
3.122200
3.122400
3.122600
3.122800
3.123000
3.123200
3.123400
3.123600
3.123800
3.124000
3.124200
3.124400
3.124600
3.124800
3.125000
3.125200
3.125400
3.125600
3.125800
3.126000
3.126200
3.126400
3.126600
3.126800
3.127000
3.127200
3.127400
3.127600
3.127800
3.128000
3.128200
3.128400
3.128600
3.128800
3.129000
3.129200
3.129400
3.129600
3.129800
3.130000
3.130200
3.130400
3.130600
3.130800
3.131000
3.131200
3.131400
3.131600
3.131800
3.132000
3.132200
3.132400
3.132600
3.132800
3.133000
3.133200
3.133400
3.133600
3.133800
3.134000
3.134200
3.134400
3.134600
3.134800
3.135000
3.135200
3.135400
3.135600
3.135800
3.136000
3.136200
3.136400
3.136600
3.136800
3.137000
3.137200
3.137400
3.137600
3.137800
3.138000
3.138200
3.138400
3.138600
3.138800
3.139000
3.139200
3.139400
3.139600
3.139800
3.140000
3.140200
3.140400
3.140600
3.140800
3.141000
3.141200
3.141400
3.141600
3.141800
3.142000
3.142200
3.142400
3.142600
3.142800
3.143000
3.143200
3.143400
3.143600
3.143800
3.144000
3.144200
3.144400
3.144600
3.144800
3.145000
3.145200
3.145400
3.145600
3.145800
3.146000
3.146200
3.146400
3.146600
3.146800
3.147000
3.147200
3.147400
3.147600
3.147800
3.148000
3.148200
3.148400
3.148600
3.148800
3.149000
3.149200
3.149400
3.149600
3.149800
3.150000
3.150200
3.150400
3.150600
3.150800
3.151000
3.151200
3.151400
3.151600
3.151800
3.152000
3.152200
3.152400
3.152600
3.152800
3.153000
3.153200
3.153400
3.153600
3.153800
3.154000
3.154200
3.154400
3.154600
3.154800
3.155000
3.155200
3.155400
3.155600
3.155800
3.156000
3.156200
3.156400
3.156600
3.156800
3.157000
3.157200
3.157400
3.157600
3.157800
3.158000
3.158200
3.158400
3.158600
3.158800
3.159000
3.159200
3.159400
3.159600
3.159800
3.160000
3.160200
3.160400
3.160600
3.160800
3.161000
3.161200
3.161400
3.161600
3.161800
3.162000
3.162200
3.162400
3.162600
3.162800
3.163000
3.163200
3.163400
3.163600
3.163800
3.164000
3.164200
3.164400
3.164600
3.164800
3.165000
3.165200
3.165400
3.165600
3.165800
3.166000
3.166200
3.166400
3.166600
3.166800
3.167000
3.167200
3.167400
3.167600
3.167800
3.168000
3.168200
3.168400
3.168600
3.168800
3.169000
3.169200
3.169400
3.169600
3.169800
3.170000
3.170200
3.170400
3.170600
3.170800
3.171000
3.171200
3.171400
3.171600
3.171800
3.172000
3.172200
3.172400
3.172600
3.172800
3.173000
3.173200
3.173400
3.173600
3.173800
3.174000
3.174200
3.174400
3.174600
3.174800
3.175000
3.175200
3.175400
3.175600
3.175800
3.176000
3.176200
3.176400
3.176600
3.176800
3.177000
3.177200
3.177400
3.177600
3.177800
3.178000
3.178200
3.178400
3.178600
3.178800
3.179000
3.179200
3.179400
3.179600
3.179800
3.180000
3.180200
3.180400
3.180600
3.180800
3.181000
3.181200
3.181400
3.181600
3.181800
3.182000
3.182200
3.182400
3.182600
3.182800
3.183000
3.183200
3.183400
3.183600
3.183800
3.184000
3.184200
3.184400
3.184600
3.184800
3.185000
3.185200
3.185400
3.185600
3.185800
3.186000
3.186200
3.186400
3.186600
3.186800
3.187000
3.187200
3.187400
3.187600
3.187800
3.188000
3.188200
3.188400
3.188600
3.188800
3.189000
3.189200
3.189400
3.189600
3.189800
3.190000
3.190200
3.190400
3.190600
3.190800
3.191000
3.191200
3.191400
3.191600
3.191800
3.192000
3.192200
3.192400
3.192600
3.192800
3.193000
3.193200
3.193400
3.193600
3.193800
3.194000
3.194200
3.194400
3.194600
3.194800
3.195000
3.195200
3.195400
3.195600
3.195800
3.196000
3.196200
3.196400
3.196600
3.196800
3.197000
3.197200
3.197400
3.197600
3.197800
3.198000
3.198200
3.198400
3.198600
3.198800
3.199000
3.199200
3.199400
3.199600
3.199800
3.200000
3.200200
3.200400
3.200600
3.200800
3.201000
3.201200
3.201400
3.201600
3.201800
3.202000
3.202200
3.202400
3.202600
3.202800
3.203000
3.203200
3.203400
3.203600
3.203800
3.204000
3.204200
3.204400
3.204600
3.204800
3.205000
3.205200
3.205400
3.205600
3.205800
3.206000
3.206200
3.206400
3.206600
3.206800
3.207000
3.207200
3.207400
3.207600
3.207800
3.208000
3.208200
3.208400
3.208600
3.208800
3.209000
3.209200
3.209400
3.209600
3.209800
3.210000
3.210200
3.210400
3.210600
3.210800
3.211000
3.211200
3.211400
3.211600
3.211800
3.212000
3.212200
3.212400
3.212600
3.212800
3.213000
3.213200
3.213400
3.213600
3.213800
3.214000
3.214200
3.214400
3.214600
3.214800
3.215000
3.215200
3.215400
3.215600
3.215800
3.216000
3.216200
3.216400
3.216600
3.216800
3.217000
3.217200
3.217400
3.217600
3.217800
3.218000
3.218200
3.218400
3.218600
3.218800
3.219000
3.219200
3.219400
3.219600
3.219800
3.220000
3.220200
3.220400
3.220600
3.220800
3.221000
3.221200
3.221400
3.221600
3.221800
3.222000
3.222200
3.222400
3.222600
3.222800
3.223000
3.223200
3.223400
3.223600
3.223800
3.224000
3.224200
3.224400
3.224600
3.224800
3.225000
3.225200
3.225400
3.225600
3.225800
3.226000
3.226200
3.226400
3.226600
3.226800
3.227000
3.227200
3.227400
3.227600
3.227800
3.228000
3.228200
3.228400
3.228600
3.228800
3.229000
3.229200
3.229400
3.229600
3.229800
3.230000
3.230200
3.230400
3.230600
3.230800
3.231000
3.231200
3.231400
3.231600
3.231800
3.232000
3.232200
3.232400
3.232600
3.232800
3.233000
3.233200
3.233400
3.233600
3.233800
3.234000
3.234200
3.234400
3.234600
3.234800
3.235000
3.235200
3.235400
3.235600
3.235800
3.236000
3.236200
3.236400
3.236600
3.236800
3.237000
3.237200
3.237400
3.237600
3.237800
3.238000
3.238200
3.238400
3.238600
3.238800
3.239000
3.239200
3.239400
3.239600
3.239800
3.240000
3.240200
3.240400
3.240600
3.240800
3.241000
3.241200
3.241400
3.241600
3.241800
3.242000
3.242200
3.242400
3.242600
3.242800
3.243000
3.243200
3.243400
3.243600
3.243800
3.244000
3.244200
3.244400
3.244600
3.244800
3.245000
3.245200
3.245400
3.245600
3.245800
3.246000
3.246200
3.246400
3.246600
3.246800
3.247000
3.247200
3.247400
3.247600
3.247800
3.248000
3.248200
3.248400
3.248600
3.248800
3.249000
3.249200
3.249400
3.249600
3.249800
3.250000
3.250200
3.250400
3.250600
3.250800
3.251000
3.251200
3.251400
3.251600
3.251800
3.252000
3.252200
3.252400
3.252600
3.252800
3.253000
3.253200
3.253400
3.253600
3.253800
3.254000
3.254200
3.254400
3.254600
3.254800
3.255000
3.255200
3.255400
3.255600
3.255800
3.256000
3.256200
3.256400
3.256600
3.256800
3.257000
3.257200
3.257400
3.257600
3.257800
3.258000
3.258200
3.258400
3.258600
3.258800
3.259000
3.259200
3.259400
3.259600
3.259800
3.260000
3.260200
3.260400
3.260600
3.260800
3.261000
3.261200
3.261400
3.261600
3.261800
3.262000
3.262200
3.262400
3.262600
3.262800
3.263000
3.263200
3.263400
3.263600
3.263800
3.264000
3.264200
3.264400
3.264600
3.264800
3.265000
3.265200
3.265400
3.265600
3.265800
3.266000
3.266200
3.266400
3.266600
3.266800
3.267000
3.267200
3.267400
3.267600
3.267800
3.268000
3.268200
3.268400
3.268600
3.268800
3.269000
3.269200
3.269400
3.269600
3.269800
3.270000
3.270200
3.270400
3.270600
3.270800
3.271000
3.271200
3.271400
3.271600
3.271800
3.272000
3.272200
3.272400
3.272600
3.272800
3.273000
3.273200
3.273400
3.273600
3.273800
3.274000
3.274200
3.274400
3.274600
3.274800
3.275000
3.275200
3.275400
3.275600
3.275800
3.276000
3.276200
3.276400
3.276600
3.276800
3.277000
3.277200
3.277400
3.277600
3.277800
3.278000
3.278200
3.278400
3.278600
3.278800
3.279000
3.279200
3.279400
3.279600
3.279800
3.280000
3.280200
3.280400
3.280600
3.280800
3.281000
3.281200
3.281400
3.281600
3.281800
3.282000
3.282200
3.282400
3.282600
3.282800
3.283000
3.283200
3.283400
3.283600
3.283800
3.284000
3.284200
3.284400
3.284600
3.284800
3.285000
3.285200
3.285400
3.285600
3.285800
3.286000
3.286200
3.286400
3.286600
3.286800
3.287000
3.287200
3.287400
3.287600
3.287800
3.288000
3.288200
3.288400
3.288600
3.288800
3.289000
3.289200
3.289400
3.289600
3.289800
3.290000
3.290200
3.290400
3.290600
3.290800
3.291000
3.291200
3.291400
3.291600
3.291800
3.292000
3.292200
3.292400
3.292600
3.292800
3.293000
3.293200
3.293400
3.293600
3.293800
3.294000
3.294200
3.294400
3.294600
3.294800
3.295000
3.295200
3.295400
3.295600
3.295800
3.296000
3.296200
3.296400
3.296600
3.296800
3.297000
3.297200
3.297400
3.297600
3.297800
3.298000
3.298200
3.298400
3.298600
3.298800
3.299000
3.299200
3.299400
3.299600
3.299800
3.300000
3.300200
3.300400
3.300600
3.300800
3.301000
3.301200
3.301400
3.301600
3.301800
3.302000
3.302200
3.302400
3.302600
3.302800
3.303000
3.303200
3.303400
3.303600
3.303800
3.304000
3.304200
3.304400
3.304600
3.304800
3.305000
3.305200
3.305400
3.305600
3.305800
3.306000
3.306200
3.306400
3.306600
3.306800
3.307000
3.307200
3.307400
3.307600
3.307800
3.308000
3.308200
3.308400
3.308600
3.308800
3.309000
3.309200
3.309400
3.309600
3.309800
3.310000
3.310200
3.310400
3.310600
3.310800
3.311000
3.311200
3.311400
3.311600
3.311800
3.312000
3.312200
3.312400
3.312600
3.312800
3.313000
3.313200
3.313400
3.313600
3.313800
3.314000
3.314200
3.314400
3.314600
3.314800
3.315000
3.315200
3.315400
3.315600
3.315800
3.316000
3.316200
3.316400
3.316600
3.316800
3.317000
3.317200
3.317400
3.317600
3.317800
3.318000
3.318200
3.318400
3.318600
3.318800
3.319000
3.319200
3.319400
3.319600
3.319800
3.320000
3.320200
3.320400
3.320600
3.320800
3.321000
3.321200
3.321400
3.321600
3.321800
3.322000
3.322200
3.322400
3.322600
3.322800
3.323000
3.323200
3.323400
3.323600
3.323800
3.324000
3.324200
3.324400
3.324600
3.324800
3.325000
3.325200
3.325400
3.325600
3.325800
3.326000
3.326200
3.326400
3.326600
3.326800
3.327000
3.327200
3.327400
3.327600
3.327800
3.328000
3.328200
3.328400
3.328600
3.328800
3.329000
3.329200
3.329400
3.329600
3.329800
3.330000
3.330200
3.330400
3.330600
3.330800
3.331000
3.331200
3.331400
3.331600
3.331800
3.332000
3.332200
3.332400
3.332600
3.332800
3.333000
3.333200
3.333400
3.333600
3.333800
3.334000
3.334200
3.334400
3.334600
3.334800
3.335000
3.335200
3.335400
3.335600
3.335800
3.336000
3.336200
3.336400
3.336600
3.336800
3.337000
3.337200
3.337400
3.337600
3.337800
3.338000
3.338200
3.338400
3.338600
3.338800
3.339000
3.339200
3.339400
3.339600
3.339800
3.340000
3.340200
3.340400
3.340600
3.340800
3.341000
3.341200
3.341400
3.341600
3.341800
3.342000
3.342200
3.342400
3.342600
3.342800
3.343000
3.343200
3.343400
3.343600
3.343800
3.344000
3.344200
3.344400
3.344600
3.344800
3.345000
3.345200
3.345400
3.345600
3.345800
3.346000
3.346200
3.346400
3.346600
3.346800
3.347000
3.347200
3.347400
3.347600
3.347800
3.348000
3.348200
3.348400
3.348600
3.348800
3.349000
3.349200
3.349400
3.349600
3.349800
3.350000
3.350200
3.350400
3.350600
3.350800
3.351000
3.351200
3.351400
3.351600
3.351800
3.352000
3.352200
3.352400
3.352600
3.352800
3.353000
3.353200
3.353400
3.353600
3.353800
3.354000
3.354200
3.354400
3.354600
3.354800
3.355000
3.355200
3.355400
3.355600
3.355800
3.356000
3.356200
3.356400
3.356600
3.356800
3.357000
3.357200
3.357400
3.357600
3.357800
3.358000
3.358200
3.358400
3.358600
3.358800
3.359000
3.359200
3.359400
3.359600
3.359800
3.360000
3.360200
3.360400
3.360600
3.360800
3.361000
3.361200
3.361400
3.361600
3.361800
3.362000
3.362200
3.362400
3.362600
3.362800
3.363000
3.363200
3.363400
3.363600
3.363800
3.364000
3.364200
3.364400
3.364600
3.364800
3.365000
3.365200
3.365400
3.365600
3.365800
3.366000
3.366200
3.366400
3.366600
3.366800
3.367000
3.367200
3.367400
3.367600
3.367800
3.368000
3.368200
3.368400
3.368600
3.368800
3.369000
3.369200
3.369400
3.369600
3.369800
3.370000
3.370200
3.370400
3.370600
3.370800
3.371000
3.371200
3.371400
3.371600
3.371800
3.372000
3.372200
3.372400
3.372600
3.372800
3.373000
3.373200
3.373400
3.373600
3.373800
3.374000
3.374200
3.374400
3.374600
3.374800
3.375000
3.375200
3.375400
3.375600
3.375800
3.376000
3.376200
3.376400
3.376600
3.376800
3.377000
3.377200
3.377400
3.377600
3.377800
3.378000
3.378200
3.378400
3.378600
3.378800
3.379000
3.379200
3.379400
3.379600
3.379800
3.380000
3.380200
3.380400
3.380600
3.380800
3.381000
3.381200
3.381400
3.381600
3.381800
3.382000
3.382200
3.382400
3.382600
3.382800
3.383000
3.383200
3.383400
3.383600
3.383800
3.384000
3.384200
3.384400
3.384600
3.384800
3.385000
3.385200
3.385400
3.385600
3.385800
3.386000
3.386200
3.386400
3.386600
3.386800
3.387000
3.387200
3.387400
3.387600
3.387800
3.388000
3.388200
3.388400
3.388600
3.388800
3.389000
3.389200
3.389400
3.389600
3.389800
3.390000
3.390200
3.390400
3.390600
3.390800
3.391000
3.391200
3.391400
3.391600
3.391800
3.392000
3.392200
3.392400
3.392600
3.392800
3.393000
3.393200
3.393400
3.393600
3.393800
3.394000
3.394200
3.394400
3.394600
3.394800
3.395000
3.395200
3.395400
3.395600
3.395800
3.396000
3.396200
3.396400
3.396600
3.396800
3.397000
3.397200
3.397400
3.397600
3.397800
3.398000
3.398200
3.398400
3.398600
3.398800
3.399000
3.399200
3.399400
3.399600
3.399800
3.400000
3.400200
3.400400
3.400600
3.400800
3.401000
3.401200
3.401400
3.401600
3.401800
3.402000
3.402200
3.402400
3.402600
3.402800
3.403000
3.403200
3.403400
3.403600
3.403800
3.404000
3.404200
3.404400
3.404600
3.404800
3.405000
3.405200
3.405400
3.405600
3.405800
3.406000
3.406200
3.406400
3.406600
3.406800
3.407000
3.407200
3.407400
3.407600
3.407800
3.408000
3.408200
3.408400
3.408600
3.408800
3.409000
3.409200
3.409400
3.409600
3.409800
3.410000
3.410200
3.410400
3.410600
3.410800
3.411000
3.411200
3.411400
3.411600
3.411800
3.412000
3.412200
3.412400
3.412600
3.412800
3.413000
3.413200
3.413400
3.413600
3.413800
3.414000
3.414200
3.414400
3.414600
3.414800
3.415000
3.415200
3.415400
3.415600
3.415800
3.416000
3.416200
3.416400
3.416600
3.416800
3.417000
3.417200
3.417400
3.417600
3.417800
3.418000
3.418200
3.418400
3.418600
3.418800
3.419000
3.419200
3.419400
3.419600
3.419800
3.420000
3.420200
3.420400
3.420600
3.420800
3.421000
3.421200
3.421400
3.421600
3.421800
3.422000
3.422200
3.422400
3.422600
3.422800
3.423000
3.423200
3.423400
3.423600
3.423800
3.424000
3.424200
3.424400
3.424600
3.424800
3.425000
3.425200
3.425400
3.425600
3.425800
3.426000
3.426200
3.426400
3.426600
3.426800
3.427000
3.427200
3.427400
3.427600
3.427800
3.428000
3.428200
3.428400
3.428600
3.428800
3.429000
3.429200
3.429400
3.429600
3.429800
3.430000
3.430200
3.430400
3.430600
3.430800
3.431000
3.431200
3.431400
3.431600
3.431800
3.432000
3.432200
3.432400
3.432600
3.432800
3.433000
3.433200
3.433400
3.433600
3.433800
3.434000
3.434200
3.434400
3.434600
3.434800
3.435000
3.435200
3.435400
3.435600
3.435800
3.436000
3.436200
3.436400
3.436600
3.436800
3.437000
3.437200
3.437400
3.437600
3.437800
3.438000
3.438200
3.438400
3.438600
3.438800
3.439000
3.439200
3.439400
3.439600
3.439800
3.440000
3.440200
3.440400
3.440600
3.440800
3.441000
3.441200
3.441400
3.441600
3.441800
3.442000
3.442200
3.442400
3.442600
3.442800
3.443000
3.443200
3.443400
3.443600
3.443800
3.444000
3.444200
3.444400
3.444600
3.444800
3.445000
3.445200
3.445400
3.445600
3.445800
3.446000
3.446200
3.446400
3.446600
3.446800
3.447000
3.447200
3.447400
3.447600
3.447800
3.448000
3.448200
3.448400
3.448600
3.448800
3.449000
3.449200
3.449400
3.449600
3.449800
3.450000
3.450200
3.450400
3.450600
3.450800
3.451000
3.451200
3.451400
3.451600
3.451800
3.452000
3.452200
3.452400
3.452600
3.452800
3.453000
3.453200
3.453400
3.453600
3.453800
3.454000
3.454200
3.454400
3.454600
3.454800
3.455000
3.455200
3.455400
3.455600
3.455800
3.456000
3.456200
3.456400
3.456600
3.456800
3.457000
3.457200
3.457400
3.457600
3.457800
3.458000
3.458200
3.458400
3.458600
3.458800
3.459000
3.459200
3.459400
3.459600
3.459800
3.460000
3.460200
3.460400
3.460600
3.460800
3.461000
3.461200
3.461400
3.461600
3.461800
3.462000
3.462200
3.462400
3.462600
3.462800
3.463000
3.463200
3.463400
3.463600
3.463800
3.464000
3.464200
3.464400
3.464600
3.464800
3.465000
3.465200
3.465400
3.465600
3.465800
3.466000
3.466200
3.466400
3.466600
3.466800
3.467000
3.467200
3.467400
3.467600
3.467800
3.468000
3.468200
3.468400
3.468600
3.468800
3.469000
3.469200
3.469400
3.469600
3.469800
3.470000
3.470200
3.470400
3.470600
3.470800
3.471000
3.471200
3.471400
3.471600
3.471800
3.472000
3.472200
3.472400
3.472600
3.472800
3.473000
3.473200
3.473400
3.473600
3.473800
3.474000
3.474200
3.474400
3.474600
3.474800
3.475000
3.475200
3.475400
3.475600
3.475800
3.476000
3.476200
3.476400
3.476600
3.476800
3.477000
3.477200
3.477400
3.477600
3.477800
3.478000
3.478200
3.478400
3.478600
3.478800
3.479000
3.479200
3.479400
3.479600
3.479800
3.480000
3.480200
3.480400
3.480600
3.480800
3.481000
3.481200
3.481400
3.481600
3.481800
3.482000
3.482200
3.482400
3.482600
3.482800
3.483000
3.483200
3.483400
3.483600
3.483800
3.484000
3.484200
3.484400
3.484600
3.484800
3.485000
3.485200
3.485400
3.485600
3.485800
3.486000
3.486200
3.486400
3.486600
3.486800
3.487000
3.487200
3.487400
3.487600
3.487800
3.488000
3.488200
3.488400
3.488600
3.488800
3.489000
3.489200
3.489400
3.489600
3.489800
3.490000
3.490200
3.490400
3.490600
3.490800
3.491000
3.491200
3.491400
3.491600
3.491800
3.492000
3.492200
3.492400
3.492600
3.492800
3.493000
3.493200
3.493400
3.493600
3.493800
3.494000
3.494200
3.494400
3.494600
3.494800
3.495000
3.495200
3.495400
3.495600
3.495800
3.496000
3.496200
3.496400
3.496600
3.496800
3.497000
3.497200
3.497400
3.497600
3.497800
3.498000
3.498200
3.498400
3.498600
3.498800
3.499000
3.499200
3.499400
3.499600
3.499800
3.500000
3.500200
3.500400
3.500600
3.500800
3.501000
3.501200
3.501400
3.501600
3.501800
3.502000
3.502200
3.502400
3.502600
3.502800
3.503000
3.503200
3.503400
3.503600
3.503800
3.504000
3.504200
3.504400
3.504600
3.504800
3.505000
3.505200
3.505400
3.505600
3.505800
3.506000
3.506200
3.506400
3.506600
3.506800
3.507000
3.507200
3.507400
3.507600
3.507800
3.508000
3.508200
3.508400
3.508600
3.508800
3.509000
3.509200
3.509400
3.509600
3.509800
3.510000
3.510200
3.510400
3.510600
3.510800
3.511000
3.511200
3.511400
3.511600
3.511800
3.512000
3.512200
3.512400
3.512600
3.512800
3.513000
3.513200
3.513400
3.513600
3.513800
3.514000
3.514200
3.514400
3.514600
3.514800
3.515000
3.515200
3.515400
3.515600
3.515800
3.516000
3.516200
3.516400
3.516600
3.516800
3.517000
3.517200
3.517400
3.517600
3.517800
3.518000
3.518200
3.518400
3.518600
3.518800
3.519000
3.519200
3.519400
3.519600
3.519800
3.520000
3.520200
3.520400
3.520600
3.520800
3.521000
3.521200
3.521400
3.521600
3.521800
3.522000
3.522200
3.522400
3.522600
3.522800
3.523000
3.523200
3.523400
3.523600
3.523800
3.524000
3.524200
3.524400
3.524600
3.524800
3.525000
3.525200
3.525400
3.525600
3.525800
3.526000
3.526200
3.526400
3.526600
3.526800
3.527000
3.527200
3.527400
3.527600
3.527800
3.528000
3.528200
3.528400
3.528600
3.528800
3.529000
3.529200
3.529400
3.529600
3.529800
3.530000
3.530200
3.530400
3.530600
3.530800
3.531000
3.531200
3.531400
3.531600
3.531800
3.532000
3.532200
3.532400
3.532600
3.532800
3.533000
3.533200
3.533400
3.533600
3.533800
3.534000
3.534200
3.534400
3.534600
3.534800
3.535000
3.535200
3.535400
3.535600
3.535800
3.536000
3.536200
3.536400
3.536600
3.536800
3.537000
3.537200
3.537400
3.537600
3.537800
3.538000
3.538200
3.538400
3.538600
3.538800
3.539000
3.539200
3.539400
3.539600
3.539800
3.540000
3.540200
3.540400
3.540600
3.540800
3.541000
3.541200
3.541400
3.541600
3.541800
3.542000
3.542200
3.542400
3.542600
3.542800
3.543000
3.543200
3.543400
3.543600
3.543800
3.544000
3.544200
3.544400
3.544600
3.544800
3.545000
3.545200
3.545400
3.545600
3.545800
3.546000
3.546200
3.546400
3.546600
3.546800
3.547000
3.547200
3.547400
3.547600
3.547800
3.548000
3.548200
3.548400
3.548600
3.548800
3.549000
3.549200
3.549400
3.549600
3.549800
3.550000
3.550200
3.550400
3.550600
3.550800
3.551000
3.551200
3.551400
3.551600
3.551800
3.552000
3.552200
3.552400
3.552600
3.552800
3.553000
3.553200
3.553400
3.553600
3.553800
3.554000
3.554200
3.554400
3.554600
3.554800
3.555000
3.555200
3.555400
3.555600
3.555800
3.556000
3.556200
3.556400
3.556600
3.556800
3.557000
3.557200
3.557400
3.557600
3.557800
3.558000
3.558200
3.558400
3.558600
3.558800
3.559000
3.559200
3.559400
3.559600
3.559800
3.560000
3.560200
3.560400
3.560600
3.560800
3.561000
3.561200
3.561400
3.561600
3.561800
3.562000
3.562200
3.562400
3.562600
3.562800
3.563000
3.563200
3.563400
3.563600
3.563800
3.564000
3.564200
3.564400
3.564600
3.564800
3.565000
3.565200
3.565400
3.565600
3.565800
3.566000
3.566200
3.566400
3.566600
3.566800
3.567000
3.567200
3.567400
3.567600
3.567800
3.568000
3.568200
3.568400
3.568600
3.568800
3.569000
3.569200
3.569400
3.569600
3.569800
3.570000
3.570200
3.570400
3.570600
3.570800
3.571000
3.571200
3.571400
3.571600
3.571800
3.572000
3.572200
3.572400
3.572600
3.572800
3.573000
3.573200
3.573400
3.573600
3.573800
3.574000
3.574200
3.574400
3.574600
3.574800
3.575000
3.575200
3.575400
3.575600
3.575800
3.576000
3.576200
3.576400
3.576600
3.576800
3.577000
3.577200
3.577400
3.577600
3.577800
3.578000
3.578200
3.578400
3.578600
3.578800
3.579000
3.579200
3.579400
3.579600
3.579800
3.580000
3.580200
3.580400
3.580600
3.580800
3.581000
3.581200
3.581400
3.581600
3.581800
3.582000
3.582200
3.582400
3.582600
3.582800
3.583000
3.583200
3.583400
3.583600
3.583800
3.584000
3.584200
3.584400
3.584600
3.584800
3.585000
3.585200
3.585400
3.585600
3.585800
3.586000
3.586200
3.586400
3.586600
3.586800
3.587000
3.587200
3.587400
3.587600
3.587800
3.588000
3.588200
3.588400
3.588600
3.588800
3.589000
3.589200
3.589400
3.589600
3.589800
3.590000
3.590200
3.590400
3.590600
3.590800
3.591000
3.591200
3.591400
3.591600
3.591800
3.592000
3.592200
3.592400
3.592600
3.592800
3.593000
3.593200
3.593400
3.593600
3.593800
3.594000
3.594200
3.594400
3.594600
3.594800
3.595000
3.595200
3.595400
3.595600
3.595800
3.596000
3.596200
3.596400
3.596600
3.596800
3.597000
3.597200
3.597400
3.597600
3.597800
3.598000
3.598200
3.598400
3.598600
3.598800
3.599000
3.599200
3.599400
3.599600
3.599800
3.600000
3.600200
3.600400
3.600600
3.600800
3.601000
3.601200
3.601400
3.601600
3.601800
3.602000
3.602200
3.602400
3.602600
3.602800
3.603000
3.603200
3.603400
3.603600
3.603800
3.604000
3.604200
3.604400
3.604600
3.604800
3.605000
3.605200
3.605400
3.605600
3.605800
3.606000
3.606200
3.606400
3.606600
3.606800
3.607000
3.607200
3.607400
3.607600
3.607800
3.608000
3.608200
3.608400
3.608600
3.608800
3.609000
3.609200
3.609400
3.609600
3.609800
3.610000
3.610200
3.610400
3.610600
3.610800
3.611000
3.611200
3.611400
3.611600
3.611800
3.612000
3.612200
3.612400
3.612600
3.612800
3.613000
3.613200
3.613400
3.613600
3.613800
3.614000
3.614200
3.614400
3.614600
3.614800
3.615000
3.615200
3.615400
3.615600
3.615800
3.616000
3.616200
3.616400
3.616600
3.616800
3.617000
3.617200
3.617400
3.617600
3.617800
3.618000
3.618200
3.618400
3.618600
3.618800
3.619000
3.619200
3.619400
3.619600
3.619800
3.620000
3.620200
3.620400
3.620600
3.620800
3.621000
3.621200
3.621400
3.621600
3.621800
3.622000
3.622200
3.622400
3.622600
3.622800
3.623000
3.623200
3.623400
3.623600
3.623800
3.624000
3.624200
3.624400
3.624600
3.624800
3.625000
3.625200
3.625400
3.625600
3.625800
3.626000
3.626200
3.626400
3.626600
3.626800
3.627000
3.627200
3.627400
3.627600
3.627800
3.628000
3.628200
3.628400
3.628600
3.628800
3.629000
3.629200
3.629400
3.629600
3.629800
3.630000
3.630200
3.630400
3.630600
3.630800
3.631000
3.631200
3.631400
3.631600
3.631800
3.632000
3.632200
3.632400
3.632600
3.632800
3.633000
3.633200
3.633400
3.633600
3.633800
3.634000
3.634200
3.634400
3.634600
3.634800
3.635000
3.635200
3.635400
3.635600
3.635800
3.636000
3.636200
3.636400
3.636600
3.636800
3.637000
3.637200
3.637400
3.637600
3.637800
3.638000
3.638200
3.638400
3.638600
3.638800
3.639000
3.639200
3.639400
3.639600
3.639800
3.640000
3.640200
3.640400
3.640600
3.640800
3.641000
3.641200
3.641400
3.641600
3.641800
3.642000
3.642200
3.642400
3.642600
3.642800
3.643000
3.643200
3.643400
3.643600
3.643800
3.644000
3.644200
3.644400
3.644600
3.644800
3.645000
3.645200
3.645400
3.645600
3.645800
3.646000
3.646200
3.646400
3.646600
3.646800
3.647000
3.647200
3.647400
3.647600
3.647800
3.648000
3.648200
3.648400
3.648600
3.648800
3.649000
3.649200
3.649400
3.649600
3.649800
3.650000
3.650200
3.650400
3.650600
3.650800
3.651000
3.651200
3.651400
3.651600
3.651800
3.652000
3.652200
3.652400
3.652600
3.652800
3.653000
3.653200
3.653400
3.653600
3.653800
3.654000
3.654200
3.654400
3.654600
3.654800
3.655000
3.655200
3.655400
3.655600
3.655800
3.656000
3.656200
3.656400
3.656600
3.656800
3.657000
3.657200
3.657400
3.657600
3.657800
3.658000
3.658200
3.658400
3.658600
3.658800
3.659000
3.659200
3.659400
3.659600
3.659800
3.660000
3.660200
3.660400
3.660600
3.660800
3.661000
3.661200
3.661400
3.661600
3.661800
3.662000
3.662200
3.662400
3.662600
3.662800
3.663000
3.663200
3.663400
3.663600
3.663800
3.664000
3.664200
3.664400
3.664600
3.664800
3.665000
3.665200
3.665400
3.665600
3.665800
3.666000
3.666200
3.666400
3.666600
3.666800
3.667000
3.667200
3.667400
3.667600
3.667800
3.668000
3.668200
3.668400
3.668600
3.668800
3.669000
3.669200
3.669400
3.669600
3.669800
3.670000
3.670200
3.670400
3.670600
3.670800
3.671000
3.671200
3.671400
3.671600
3.671800
3.672000
3.672200
3.672400
3.672600
3.672800
3.673000
3.673200
3.673400
3.673600
3.673800
3.674000
3.674200
3.674400
3.674600
3.674800
3.675000
3.675200
3.675400
3.675600
3.675800
3.676000
3.676200
3.676400
3.676600
3.676800
3.677000
3.677200
3.677400
3.677600
3.677800
3.678000
3.678200
3.678400
3.678600
3.678800
3.679000
3.679200
3.679400
3.679600
3.679800
3.680000
3.680200
3.680400
3.680600
3.680800
3.681000
3.681200
3.681400
3.681600
3.681800
3.682000
3.682200
3.682400
3.682600
3.682800
3.683000
3.683200
3.683400
3.683600
3.683800
3.684000
3.684200
3.684400
3.684600
3.684800
3.685000
3.685200
3.685400
3.685600
3.685800
3.686000
3.686200
3.686400
3.686600
3.686800
3.687000
3.687200
3.687400
3.687600
3.687800
3.688000
3.688200
3.688400
3.688600
3.688800
3.689000
3.689200
3.689400
3.689600
3.689800
3.690000
3.690200
3.690400
3.690600
3.690800
3.691000
3.691200
3.691400
3.691600
3.691800
3.692000
3.692200
3.692400
3.692600
3.692800
3.693000
3.693200
3.693400
3.693600
3.693800
3.694000
3.694200
3.694400
3.694600
3.694800
3.695000
3.695200
3.695400
3.695600
3.695800
3.696000
3.696200
3.696400
3.696600
3.696800
3.697000
3.697200
3.697400
3.697600
3.697800
3.698000
3.698200
3.698400
3.698600
3.698800
3.699000
3.699200
3.699400
3.699600
3.699800
3.700000
3.700200
3.700400
3.700600
3.700800
3.701000
3.701200
3.701400
3.701600
3.701800
3.702000
3.702200
3.702400
3.702600
3.702800
3.703000
3.703200
3.703400
3.703600
3.703800
3.704000
3.704200
3.704400
3.704600
3.704800
3.705000
3.705200
3.705400
3.705600
3.705800
3.706000
3.706200
3.706400
3.706600
3.706800
3.707000
3.707200
3.707400
3.707600
3.707800
3.708000
3.708200
3.708400
3.708600
3.708800
3.709000
3.709200
3.709400
3.709600
3.709800
3.710000
3.710200
3.710400
3.710600
3.710800
3.711000
3.711200
3.711400
3.711600
3.711800
3.712000
3.712200
3.712400
3.712600
3.712800
3.713000
3.713200
3.713400
3.713600
3.713800
3.714000
3.714200
3.714400
3.714600
3.714800
3.715000
3.715200
3.715400
3.715600
3.715800
3.716000
3.716200
3.716400
3.716600
3.716800
3.717000
3.717200
3.717400
3.717600
3.717800
3.718000
3.718200
3.718400
3.718600
3.718800
3.719000
3.719200
3.719400
3.719600
3.719800
3.720000
3.720200
3.720400
3.720600
3.720800
3.721000
3.721200
3.721400
3.721600
3.721800
3.722000
3.722200
3.722400
3.722600
3.722800
3.723000
3.723200
3.723400
3.723600
3.723800
3.724000
3.724200
3.724400
3.724600
3.724800
3.725000
3.725200
3.725400
3.725600
3.725800
3.726000
3.726200
3.726400
3.726600
3.726800
3.727000
3.727200
3.727400
3.727600
3.727800
3.728000
3.728200
3.728400
3.728600
3.728800
3.729000
3.729200
3.729400
3.729600
3.729800
3.730000
3.730200
3.730400
3.730600
3.730800
3.731000
3.731200
3.731400
3.731600
3.731800
3.732000
3.732200
3.732400
3.732600
3.732800
3.733000
3.733200
3.733400
3.733600
3.733800
3.734000
3.734200
3.734400
3.734600
3.734800
3.735000
3.735200
3.735400
3.735600
3.735800
3.736000
3.736200
3.736400
3.736600
3.736800
3.737000
3.737200
3.737400
3.737600
3.737800
3.738000
3.738200
3.738400
3.738600
3.738800
3.739000
3.739200
3.739400
3.739600
3.739800
3.740000
3.740200
3.740400
3.740600
3.740800
3.741000
3.741200
3.741400
3.741600
3.741800
3.742000
3.742200
3.742400
3.742600
3.742800
3.743000
3.743200
3.743400
3.743600
3.743800
3.744000
3.744200
3.744400
3.744600
3.744800
3.745000
3.745200
3.745400
3.745600
3.745800
3.746000
3.746200
3.746400
3.746600
3.746800
3.747000
3.747200
3.747400
3.747600
3.747800
3.748000
3.748200
3.748400
3.748600
3.748800
3.749000
3.749200
3.749400
3.749600
3.749800
3.750000
3.750200
3.750400
3.750600
3.750800
3.751000
3.751200
3.751400
3.751600
3.751800
3.752000
3.752200
3.752400
3.752600
3.752800
3.753000
3.753200
3.753400
3.753600
3.753800
3.754000
3.754200
3.754400
3.754600
3.754800
3.755000
3.755200
3.755400
3.755600
3.755800
3.756000
3.756200
3.756400
3.756600
3.756800
3.757000
3.757200
3.757400
3.757600
3.757800
3.758000
3.758200
3.758400
3.758600
3.758800
3.759000
3.759200
3.759400
3.759600
3.759800
3.760000
3.760200
3.760400
3.760600
3.760800
3.761000
3.761200
3.761400
3.761600
3.761800
3.762000
3.762200
3.762400
3.762600
3.762800
3.763000
3.763200
3.763400
3.763600
3.763800
3.764000
3.764200
3.764400
3.764600
3.764800
3.765000
3.765200
3.765400
3.765600
3.765800
3.766000
3.766200
3.766400
3.766600
3.766800
3.767000
3.767200
3.767400
3.767600
3.767800
3.768000
3.768200
3.768400
3.768600
3.768800
3.769000
3.769200
3.769400
3.769600
3.769800
3.770000
3.770200
3.770400
3.770600
3.770800
3.771000
3.771200
3.771400
3.771600
3.771800
3.772000
3.772200
3.772400
3.772600
3.772800
3.773000
3.773200
3.773400
3.773600
3.773800
3.774000
3.774200
3.774400
3.774600
3.774800
3.775000
3.775200
3.775400
3.775600
3.775800
3.776000
3.776200
3.776400
3.776600
3.776800
3.777000
3.777200
3.777400
3.777600
3.777800
3.778000
3.778200
3.778400
3.778600
3.778800
3.779000
3.779200
3.779400
3.779600
3.779800
3.780000
3.780200
3.780400
3.780600
3.780800
3.781000
3.781200
3.781400
3.781600
3.781800
3.782000
3.782200
3.782400
3.782600
3.782800
3.783000
3.783200
3.783400
3.783600
3.783800
3.784000
3.784200
3.784400
3.784600
3.784800
3.785000
3.785200
3.785400
3.785600
3.785800
3.786000
3.786200
3.786400
3.786600
3.786800
3.787000
3.787200
3.787400
3.787600
3.787800
3.788000
3.788200
3.788400
3.788600
3.788800
3.789000
3.789200
3.789400
3.789600
3.789800
3.790000
3.790200
3.790400
3.790600
3.790800
3.791000
3.791200
3.791400
3.791600
3.791800
3.792000
3.792200
3.792400
3.792600
3.792800
3.793000
3.793200
3.793400
3.793600
3.793800
3.794000
3.794200
3.794400
3.794600
3.794800
3.795000
3.795200
3.795400
3.795600
3.795800
3.796000
3.796200
3.796400
3.796600
3.796800
3.797000
3.797200
3.797400
3.797600
3.797800
3.798000
3.798200
3.798400
3.798600
3.798800
3.799000
3.799200
3.799400
3.799600
3.799800
3.800000
3.800200
3.800400
3.800600
3.800800
3.801000
3.801200
3.801400
3.801600
3.801800
3.802000
3.802200
3.802400
3.802600
3.802800
3.803000
3.803200
3.803400
3.803600
3.803800
3.804000
3.804200
3.804400
3.804600
3.804800
3.805000
3.805200
3.805400
3.805600
3.805800
3.806000
3.806200
3.806400
3.806600
3.806800
3.807000
3.807200
3.807400
3.807600
3.807800
3.808000
3.808200
3.808400
3.808600
3.808800
3.809000
3.809200
3.809400
3.809600
3.809800
3.810000
3.810200
3.810400
3.810600
3.810800
3.811000
3.811200
3.811400
3.811600
3.811800
3.812000
3.812200
3.812400
3.812600
3.812800
3.813000
3.813200
3.813400
3.813600
3.813800
3.814000
3.814200
3.814400
3.814600
3.814800
3.815000
3.815200
3.815400
3.815600
3.815800
3.816000
3.816200
3.816400
3.816600
3.816800
3.817000
3.817200
3.817400
3.817600
3.817800
3.818000
3.818200
3.818400
3.818600
3.818800
3.819000
3.819200
3.819400
3.819600
3.819800
3.820000
3.820200
3.820400
3.820600
3.820800
3.821000
3.821200
3.821400
3.821600
3.821800
3.822000
3.822200
3.822400
3.822600
3.822800
3.823000
3.823200
3.823400
3.823600
3.823800
3.824000
3.824200
3.824400
3.824600
3.824800
3.825000
3.825200
3.825400
3.825600
3.825800
3.826000
3.826200
3.826400
3.826600
3.826800
3.827000
3.827200
3.827400
3.827600
3.827800
3.828000
3.828200
3.828400
3.828600
3.828800
3.829000
3.829200
3.829400
3.829600
3.829800
3.830000
3.830200
3.830400
3.830600
3.830800
3.831000
3.831200
3.831400
3.831600
3.831800
3.832000
3.832200
3.832400
3.832600
3.832800
3.833000
3.833200
3.833400
3.833600
3.833800
3.834000
3.834200
3.834400
3.834600
3.834800
3.835000
3.835200
3.835400
3.835600
3.835800
3.836000
3.836200
3.836400
3.836600
3.836800
3.837000
3.837200
3.837400
3.837600
3.837800
3.838000
3.838200
3.838400
3.838600
3.838800
3.839000
3.839200
3.839400
3.839600
3.839800
3.840000
3.840200
3.840400
3.840600
3.840800
3.841000
3.841200
3.841400
3.841600
3.841800
3.842000
3.842200
3.842400
3.842600
3.842800
3.843000
3.843200
3.843400
3.843600
3.843800
3.844000
3.844200
3.844400
3.844600
3.844800
3.845000
3.845200
3.845400
3.845600
3.845800
3.846000
3.846200
3.846400
3.846600
3.846800
3.847000
3.847200
3.847400
3.847600
3.847800
3.848000
3.848200
3.848400
3.848600
3.848800
3.849000
3.849200
3.849400
3.849600
3.849800
3.850000
3.850200
3.850400
3.850600
3.850800
3.851000
3.851200
3.851400
3.851600
3.851800
3.852000
3.852200
3.852400
3.852600
3.852800
3.853000
3.853200
3.853400
3.853600
3.853800
3.854000
3.854200
3.854400
3.854600
3.854800
3.855000
3.855200
3.855400
3.855600
3.855800
3.856000
3.856200
3.856400
3.856600
3.856800
3.857000
3.857200
3.857400
3.857600
3.857800
3.858000
3.858200
3.858400
3.858600
3.858800
3.859000
3.859200
3.859400
3.859600
3.859800
3.860000
3.860200
3.860400
3.860600
3.860800
3.861000
3.861200
3.861400
3.861600
3.861800
3.862000
3.862200
3.862400
3.862600
3.862800
3.863000
3.863200
3.863400
3.863600
3.863800
3.864000
3.864200
3.864400
3.864600
3.864800
3.865000
3.865200
3.865400
3.865600
3.865800
3.866000
3.866200
3.866400
3.866600
3.866800
3.867000
3.867200
3.867400
3.867600
3.867800
3.868000
3.868200
3.868400
3.868600
3.868800
3.869000
3.869200
3.869400
3.869600
3.869800
3.870000
3.870200
3.870400
3.870600
3.870800
3.871000
3.871200
3.871400
3.871600
3.871800
3.872000
3.872200
3.872400
3.872600
3.872800
3.873000
3.873200
3.873400
3.873600
3.873800
3.874000
3.874200
3.874400
3.874600
3.874800
3.875000
3.875200
3.875400
3.875600
3.875800
3.876000
3.876200
3.876400
3.876600
3.876800
3.877000
3.877200
3.877400
3.877600
3.877800
3.878000
3.878200
3.878400
3.878600
3.878800
3.879000
3.879200
3.879400
3.879600
3.879800
3.880000
3.880200
3.880400
3.880600
3.880800
3.881000
3.881200
3.881400
3.881600
3.881800
3.882000
3.882200
3.882400
3.882600
3.882800
3.883000
3.883200
3.883400
3.883600
3.883800
3.884000
3.884200
3.884400
3.884600
3.884800
3.885000
3.885200
3.885400
3.885600
3.885800
3.886000
3.886200
3.886400
3.886600
3.886800
3.887000
3.887200
3.887400
3.887600
3.887800
3.888000
3.888200
3.888400
3.888600
3.888800
3.889000
3.889200
3.889400
3.889600
3.889800
3.890000
3.890200
3.890400
3.890600
3.890800
3.891000
3.891200
3.891400
3.891600
3.891800
3.892000
3.892200
3.892400
3.892600
3.892800
3.893000
3.893200
3.893400
3.893600
3.893800
3.894000
3.894200
3.894400
3.894600
3.894800
3.895000
3.895200
3.895400
3.895600
3.895800
3.896000
3.896200
3.896400
3.896600
3.896800
3.897000
3.897200
3.897400
3.897600
3.897800
3.898000
3.898200
3.898400
3.898600
3.898800
3.899000
3.899200
3.899400
3.899600
3.899800
3.900000
3.900200
3.900400
3.900600
3.900800
3.901000
3.901200
3.901400
3.901600
3.901800
3.902000
3.902200
3.902400
3.902600
3.902800
3.903000
3.903200
3.903400
3.903600
3.903800
3.904000
3.904200
3.904400
3.904600
3.904800
3.905000
3.905200
3.905400
3.905600
3.905800
3.906000
3.906200
3.906400
3.906600
3.906800
3.907000
3.907200
3.907400
3.907600
3.907800
3.908000
3.908200
3.908400
3.908600
3.908800
3.909000
3.909200
3.909400
3.909600
3.909800
3.910000
3.910200
3.910400
3.910600
3.910800
3.911000
3.911200
3.911400
3.911600
3.911800
3.912000
3.912200
3.912400
3.912600
3.912800
3.913000
3.913200
3.913400
3.913600
3.913800
3.914000
3.914200
3.914400
3.914600
3.914800
3.915000
3.915200
3.915400
3.915600
3.915800
3.916000
3.916200
3.916400
3.916600
3.916800
3.917000
3.917200
3.917400
3.917600
3.917800
3.918000
3.918200
3.918400
3.918600
3.918800
3.919000
3.919200
3.919400
3.919600
3.919800
3.920000
3.920200
3.920400
3.920600
3.920800
3.921000
3.921200
3.921400
3.921600
3.921800
3.922000
3.922200
3.922400
3.922600
3.922800
3.923000
3.923200
3.923400
3.923600
3.923800
3.924000
3.924200
3.924400
3.924600
3.924800
3.925000
3.925200
3.925400
3.925600
3.925800
3.926000
3.926200
3.926400
3.926600
3.926800
3.927000
3.927200
3.927400
3.927600
3.927800
3.928000
3.928200
3.928400
3.928600
3.928800
3.929000
3.929200
3.929400
3.929600
3.929800
3.930000
3.930200
3.930400
3.930600
3.930800
3.931000
3.931200
3.931400
3.931600
3.931800
3.932000
3.932200
3.932400
3.932600
3.932800
3.933000
3.933200
3.933400
3.933600
3.933800
3.934000
3.934200
3.934400
3.934600
3.934800
3.935000
3.935200
3.935400
3.935600
3.935800
3.936000
3.936200
3.936400
3.936600
3.936800
3.937000
3.937200
3.937400
3.937600
3.937800
3.938000
3.938200
3.938400
3.938600
3.938800
3.939000
3.939200
3.939400
3.939600
3.939800
3.940000
3.940200
3.940400
3.940600
3.940800
3.941000
3.941200
3.941400
3.941600
3.941800
3.942000
3.942200
3.942400
3.942600
3.942800
3.943000
3.943200
3.943400
3.943600
3.943800
3.944000
3.944200
3.944400
3.944600
3.944800
3.945000
3.945200
3.945400
3.945600
3.945800
3.946000
3.946200
3.946400
3.946600
3.946800
3.947000
3.947200
3.947400
3.947600
3.947800
3.948000
3.948200
3.948400
3.948600
3.948800
3.949000
3.949200
3.949400
3.949600
3.949800
3.950000
3.950200
3.950400
3.950600
3.950800
3.951000
3.951200
3.951400
3.951600
3.951800
3.952000
3.952200
3.952400
3.952600
3.952800
3.953000
3.953200
3.953400
3.953600
3.953800
3.954000
3.954200
3.954400
3.954600
3.954800
3.955000
3.955200
3.955400
3.955600
3.955800
3.956000
3.956200
3.956400
3.956600
3.956800
3.957000
3.957200
3.957400
3.957600
3.957800
3.958000
3.958200
3.958400
3.958600
3.958800
3.959000
3.959200
3.959400
3.959600
3.959800
3.960000
3.960200
3.960400
3.960600
3.960800
3.961000
3.961200
3.961400
3.961600
3.961800
3.962000
3.962200
3.962400
3.962600
3.962800
3.963000
3.963200
3.963400
3.963600
3.963800
3.964000
3.964200
3.964400
3.964600
3.964800
3.965000
3.965200
3.965400
3.965600
3.965800
3.966000
3.966200
3.966400
3.966600
3.966800
3.967000
3.967200
3.967400
3.967600
3.967800
3.968000
3.968200
3.968400
3.968600
3.968800
3.969000
3.969200
3.969400
3.969600
3.969800
3.970000
3.970200
3.970400
3.970600
3.970800
3.971000
3.971200
3.971400
3.971600
3.971800
3.972000
3.972200
3.972400
3.972600
3.972800
3.973000
3.973200
3.973400
3.973600
3.973800
3.974000
3.974200
3.974400
3.974600
3.974800
3.975000
3.975200
3.975400
3.975600
3.975800
3.976000
3.976200
3.976400
3.976600
3.976800
3.977000
3.977200
3.977400
3.977600
3.977800
3.978000
3.978200
3.978400
3.978600
3.978800
3.979000
3.979200
3.979400
3.979600
3.979800
3.980000
3.980200
3.980400
3.980600
3.980800
3.981000
3.981200
3.981400
3.981600
3.981800
3.982000
3.982200
3.982400
3.982600
3.982800
3.983000
3.983200
3.983400
3.983600
3.983800
3.984000
3.984200
3.984400
3.984600
3.984800
3.985000
3.985200
3.985400
3.985600
3.985800
3.986000
3.986200
3.986400
3.986600
3.986800
3.987000
3.987200
3.987400
3.987600
3.987800
3.988000
3.988200
3.988400
3.988600
3.988800
3.989000
3.989200
3.989400
3.989600
3.989800
3.990000
3.990200
3.990400
3.990600
3.990800
3.991000
3.991200
3.991400
3.991600
3.991800
3.992000
3.992200
3.992400
3.992600
3.992800
3.993000
3.993200
3.993400
3.993600
3.993800
3.994000
3.994200
3.994400
3.994600
3.994800
3.995000
3.995200
3.995400
3.995600
3.995800
3.996000
3.996200
3.996400
3.996600
3.996800
3.997000
3.997200
3.997400
3.997600
3.997800
3.998000
3.998200
3.998400
3.998600
3.998800
3.999000
3.999200
3.999400
3.999600
3.999800
4.000000
