-4.000000
-4.000200
-4.000400
-4.000600
-4.000800
-4.001000
-4.001200
-4.001400
-4.001600
-4.001800
-4.002000
-4.002200
-4.002400
-4.002600
-4.002800
-4.003000
-4.003200
-4.003400
-4.003600
-4.003800
-4.004000
-4.004200
-4.004400
-4.004600
-4.004800
-4.005000
-4.005200
-4.005400
-4.005600
-4.005800
-4.006000
-4.006200
-4.006400
-4.006600
-4.006800
-4.007000
-4.007200
-4.007400
-4.007600
-4.007800
-4.008000
-4.008200
-4.008400
-4.008600
-4.008800
-4.009000
-4.009200
-4.009400
-4.009600
-4.009800
-4.010000
-4.010200
-4.010400
-4.010600
-4.010800
-4.011000
-4.011200
-4.011400
-4.011600
-4.011800
-4.012000
-4.012200
-4.012400
-4.012600
-4.012800
-4.013000
-4.013200
-4.013400
-4.013600
-4.013800
-4.014000
-4.014200
-4.014400
-4.014600
-4.014800
-4.015000
-4.015200
-4.015400
-4.015600
-4.015800
-4.016000
-4.016200
-4.016400
-4.016600
-4.016800
-4.017000
-4.017200
-4.017400
-4.017600
-4.017800
-4.018000
-4.018200
-4.018400
-4.018600
-4.018800
-4.019000
-4.019200
-4.019400
-4.019600
-4.019800
-4.020000
-4.020200
-4.020400
-4.020600
-4.020800
-4.021000
-4.021200
-4.021400
-4.021600
-4.021800
-4.022000
-4.022200
-4.022400
-4.022600
-4.022800
-4.023000
-4.023200
-4.023400
-4.023600
-4.023800
-4.024000
-4.024200
-4.024400
-4.024600
-4.024800
-4.025000
-4.025200
-4.025400
-4.025600
-4.025800
-4.026000
-4.026200
-4.026400
-4.026600
-4.026800
-4.027000
-4.027200
-4.027400
-4.027600
-4.027800
-4.028000
-4.028200
-4.028400
-4.028600
-4.028800
-4.029000
-4.029200
-4.029400
-4.029600
-4.029800
-4.030000
-4.030200
-4.030400
-4.030600
-4.030800
-4.031000
-4.031200
-4.031400
-4.031600
-4.031800
-4.032000
-4.032200
-4.032400
-4.032600
-4.032800
-4.033000
-4.033200
-4.033400
-4.033600
-4.033800
-4.034000
-4.034200
-4.034400
-4.034600
-4.034800
-4.035000
-4.035200
-4.035400
-4.035600
-4.035800
-4.036000
-4.036200
-4.036400
-4.036600
-4.036800
-4.037000
-4.037200
-4.037400
-4.037600
-4.037800
-4.038000
-4.038200
-4.038400
-4.038600
-4.038800
-4.039000
-4.039200
-4.039400
-4.039600
-4.039800
-4.040000
-4.040200
-4.040400
-4.040600
-4.040800
-4.041000
-4.041200
-4.041400
-4.041600
-4.041800
-4.042000
-4.042200
-4.042400
-4.042600
-4.042800
-4.043000
-4.043200
-4.043400
-4.043600
-4.043800
-4.044000
-4.044200
-4.044400
-4.044600
-4.044800
-4.045000
-4.045200
-4.045400
-4.045600
-4.045800
-4.046000
-4.046200
-4.046400
-4.046600
-4.046800
-4.047000
-4.047200
-4.047400
-4.047600
-4.047800
-4.048000
-4.048200
-4.048400
-4.048600
-4.048800
-4.049000
-4.049200
-4.049400
-4.049600
-4.049800
-4.050000
-4.050200
-4.050400
-4.050600
-4.050800
-4.051000
-4.051200
-4.051400
-4.051600
-4.051800
-4.052000
-4.052200
-4.052400
-4.052600
-4.052800
-4.053000
-4.053200
-4.053400
-4.053600
-4.053800
-4.054000
-4.054200
-4.054400
-4.054600
-4.054800
-4.055000
-4.055200
-4.055400
-4.055600
-4.055800
-4.056000
-4.056200
-4.056400
-4.056600
-4.056800
-4.057000
-4.057200
-4.057400
-4.057600
-4.057800
-4.058000
-4.058200
-4.058400
-4.058600
-4.058800
-4.059000
-4.059200
-4.059400
-4.059600
-4.059800
-4.060000
-4.060200
-4.060400
-4.060600
-4.060800
-4.061000
-4.061200
-4.061400
-4.061600
-4.061800
-4.062000
-4.062200
-4.062400
-4.062600
-4.062800
-4.063000
-4.063200
-4.063400
-4.063600
-4.063800
-4.064000
-4.064200
-4.064400
-4.064600
-4.064800
-4.065000
-4.065200
-4.065400
-4.065600
-4.065800
-4.066000
-4.066200
-4.066400
-4.066600
-4.066800
-4.067000
-4.067200
-4.067400
-4.067600
-4.067800
-4.068000
-4.068200
-4.068400
-4.068600
-4.068800
-4.069000
-4.069200
-4.069400
-4.069600
-4.069800
-4.070000
-4.070200
-4.070400
-4.070600
-4.070800
-4.071000
-4.071200
-4.071400
-4.071600
-4.071800
-4.072000
-4.072200
-4.072400
-4.072600
-4.072800
-4.073000
-4.073200
-4.073400
-4.073600
-4.073800
-4.074000
-4.074200
-4.074400
-4.074600
-4.074800
-4.075000
-4.075200
-4.075400
-4.075600
-4.075800
-4.076000
-4.076200
-4.076400
-4.076600
-4.076800
-4.077000
-4.077200
-4.077400
-4.077600
-4.077800
-4.078000
-4.078200
-4.078400
-4.078600
-4.078800
-4.079000
-4.079200
-4.079400
-4.079600
-4.079800
-4.080000
-4.080200
-4.080400
-4.080600
-4.080800
-4.081000
-4.081200
-4.081400
-4.081600
-4.081800
-4.082000
-4.082200
-4.082400
-4.082600
-4.082800
-4.083000
-4.083200
-4.083400
-4.083600
-4.083800
-4.084000
-4.084200
-4.084400
-4.084600
-4.084800
-4.085000
-4.085200
-4.085400
-4.085600
-4.085800
-4.086000
-4.086200
-4.086400
-4.086600
-4.086800
-4.087000
-4.087200
-4.087400
-4.087600
-4.087800
-4.088000
-4.088200
-4.088400
-4.088600
-4.088800
-4.089000
-4.089200
-4.089400
-4.089600
-4.089800
-4.090000
-4.090200
-4.090400
-4.090600
-4.090800
-4.091000
-4.091200
-4.091400
-4.091600
-4.091800
-4.092000
-4.092200
-4.092400
-4.092600
-4.092800
-4.093000
-4.093200
-4.093400
-4.093600
-4.093800
-4.094000
-4.094200
-4.094400
-4.094600
-4.094800
-4.095000
-4.095200
-4.095400
-4.095600
-4.095800
-4.096000
-4.096200
-4.096400
-4.096600
-4.096800
-4.097000
-4.097200
-4.097400
-4.097600
-4.097800
-4.098000
-4.098200
-4.098400
-4.098600
-4.098800
-4.099000
-4.099200
-4.099400
-4.099600
-4.099800
-4.100000
-4.100200
-4.100400
-4.100600
-4.100800
-4.101000
-4.101200
-4.101400
-4.101600
-4.101800
-4.102000
-4.102200
-4.102400
-4.102600
-4.102800
-4.103000
-4.103200
-4.103400
-4.103600
-4.103800
-4.104000
-4.104200
-4.104400
-4.104600
-4.104800
-4.105000
-4.105200
-4.105400
-4.105600
-4.105800
-4.106000
-4.106200
-4.106400
-4.106600
-4.106800
-4.107000
-4.107200
-4.107400
-4.107600
-4.107800
-4.108000
-4.108200
-4.108400
-4.108600
-4.108800
-4.109000
-4.109200
-4.109400
-4.109600
-4.109800
-4.110000
-4.110200
-4.110400
-4.110600
-4.110800
-4.111000
-4.111200
-4.111400
-4.111600
-4.111800
-4.112000
-4.112200
-4.112400
-4.112600
-4.112800
-4.113000
-4.113200
-4.113400
-4.113600
-4.113800
-4.114000
-4.114200
-4.114400
-4.114600
-4.114800
-4.115000
-4.115200
-4.115400
-4.115600
-4.115800
-4.116000
-4.116200
-4.116400
-4.116600
-4.116800
-4.117000
-4.117200
-4.117400
-4.117600
-4.117800
-4.118000
-4.118200
-4.118400
-4.118600
-4.118800
-4.119000
-4.119200
-4.119400
-4.119600
-4.119800
-4.120000
-4.120200
-4.120400
-4.120600
-4.120800
-4.121000
-4.121200
-4.121400
-4.121600
-4.121800
-4.122000
-4.122200
-4.122400
-4.122600
-4.122800
-4.123000
-4.123200
-4.123400
-4.123600
-4.123800
-4.124000
-4.124200
-4.124400
-4.124600
-4.124800
-4.125000
-4.125200
-4.125400
-4.125600
-4.125800
-4.126000
-4.126200
-4.126400
-4.126600
-4.126800
-4.127000
-4.127200
-4.127400
-4.127600
-4.127800
-4.128000
-4.128200
-4.128400
-4.128600
-4.128800
-4.129000
-4.129200
-4.129400
-4.129600
-4.129800
-4.130000
-4.130200
-4.130400
-4.130600
-4.130800
-4.131000
-4.131200
-4.131400
-4.131600
-4.131800
-4.132000
-4.132200
-4.132400
-4.132600
-4.132800
-4.133000
-4.133200
-4.133400
-4.133600
-4.133800
-4.134000
-4.134200
-4.134400
-4.134600
-4.134800
-4.135000
-4.135200
-4.135400
-4.135600
-4.135800
-4.136000
-4.136200
-4.136400
-4.136600
-4.136800
-4.137000
-4.137200
-4.137400
-4.137600
-4.137800
-4.138000
-4.138200
-4.138400
-4.138600
-4.138800
-4.139000
-4.139200
-4.139400
-4.139600
-4.139800
-4.140000
-4.140200
-4.140400
-4.140600
-4.140800
-4.141000
-4.141200
-4.141400
-4.141600
-4.141800
-4.142000
-4.142200
-4.142400
-4.142600
-4.142800
-4.143000
-4.143200
-4.143400
-4.143600
-4.143800
-4.144000
-4.144200
-4.144400
-4.144600
-4.144800
-4.145000
-4.145200
-4.145400
-4.145600
-4.145800
-4.146000
-4.146200
-4.146400
-4.146600
-4.146800
-4.147000
-4.147200
-4.147400
-4.147600
-4.147800
-4.148000
-4.148200
-4.148400
-4.148600
-4.148800
-4.149000
-4.149200
-4.149400
-4.149600
-4.149800
-4.150000
-4.150200
-4.150400
-4.150600
-4.150800
-4.151000
-4.151200
-4.151400
-4.151600
-4.151800
-4.152000
-4.152200
-4.152400
-4.152600
-4.152800
-4.153000
-4.153200
-4.153400
-4.153600
-4.153800
-4.154000
-4.154200
-4.154400
-4.154600
-4.154800
-4.155000
-4.155200
-4.155400
-4.155600
-4.155800
-4.156000
-4.156200
-4.156400
-4.156600
-4.156800
-4.157000
-4.157200
-4.157400
-4.157600
-4.157800
-4.158000
-4.158200
-4.158400
-4.158600
-4.158800
-4.159000
-4.159200
-4.159400
-4.159600
-4.159800
-4.160000
-4.160200
-4.160400
-4.160600
-4.160800
-4.161000
-4.161200
-4.161400
-4.161600
-4.161800
-4.162000
-4.162200
-4.162400
-4.162600
-4.162800
-4.163000
-4.163200
-4.163400
-4.163600
-4.163800
-4.164000
-4.164200
-4.164400
-4.164600
-4.164800
-4.165000
-4.165200
-4.165400
-4.165600
-4.165800
-4.166000
-4.166200
-4.166400
-4.166600
-4.166800
-4.167000
-4.167200
-4.167400
-4.167600
-4.167800
-4.168000
-4.168200
-4.168400
-4.168600
-4.168800
-4.169000
-4.169200
-4.169400
-4.169600
-4.169800
-4.170000
-4.170200
-4.170400
-4.170600
-4.170800
-4.171000
-4.171200
-4.171400
-4.171600
-4.171800
-4.172000
-4.172200
-4.172400
-4.172600
-4.172800
-4.173000
-4.173200
-4.173400
-4.173600
-4.173800
-4.174000
-4.174200
-4.174400
-4.174600
-4.174800
-4.175000
-4.175200
-4.175400
-4.175600
-4.175800
-4.176000
-4.176200
-4.176400
-4.176600
-4.176800
-4.177000
-4.177200
-4.177400
-4.177600
-4.177800
-4.178000
-4.178200
-4.178400
-4.178600
-4.178800
-4.179000
-4.179200
-4.179400
-4.179600
-4.179800
-4.180000
-4.180200
-4.180400
-4.180600
-4.180800
-4.181000
-4.181200
-4.181400
-4.181600
-4.181800
-4.182000
-4.182200
-4.182400
-4.182600
-4.182800
-4.183000
-4.183200
-4.183400
-4.183600
-4.183800
-4.184000
-4.184200
-4.184400
-4.184600
-4.184800
-4.185000
-4.185200
-4.185400
-4.185600
-4.185800
-4.186000
-4.186200
-4.186400
-4.186600
-4.186800
-4.187000
-4.187200
-4.187400
-4.187600
-4.187800
-4.188000
-4.188200
-4.188400
-4.188600
-4.188800
-4.189000
-4.189200
-4.189400
-4.189600
-4.189800
-4.190000
-4.190200
-4.190400
-4.190600
-4.190800
-4.191000
-4.191200
-4.191400
-4.191600
-4.191800
-4.192000
-4.192200
-4.192400
-4.192600
-4.192800
-4.193000
-4.193200
-4.193400
-4.193600
-4.193800
-4.194000
-4.194200
-4.194400
-4.194600
-4.194800
-4.195000
-4.195200
-4.195400
-4.195600
-4.195800
-4.196000
-4.196200
-4.196400
-4.196600
-4.196800
-4.197000
-4.197200
-4.197400
-4.197600
-4.197800
-4.198000
-4.198200
-4.198400
-4.198600
-4.198800
-4.199000
-4.199200
-4.199400
-4.199600
-4.199800
-4.200000
-4.200200
-4.200400
-4.200600
-4.200800
-4.201000
-4.201200
-4.201400
-4.201600
-4.201800
-4.202000
-4.202200
-4.202400
-4.202600
-4.202800
-4.203000
-4.203200
-4.203400
-4.203600
-4.203800
-4.204000
-4.204200
-4.204400
-4.204600
-4.204800
-4.205000
-4.205200
-4.205400
-4.205600
-4.205800
-4.206000
-4.206200
-4.206400
-4.206600
-4.206800
-4.207000
-4.207200
-4.207400
-4.207600
-4.207800
-4.208000
-4.208200
-4.208400
-4.208600
-4.208800
-4.209000
-4.209200
-4.209400
-4.209600
-4.209800
-4.210000
-4.210200
-4.210400
-4.210600
-4.210800
-4.211000
-4.211200
-4.211400
-4.211600
-4.211800
-4.212000
-4.212200
-4.212400
-4.212600
-4.212800
-4.213000
-4.213200
-4.213400
-4.213600
-4.213800
-4.214000
-4.214200
-4.214400
-4.214600
-4.214800
-4.215000
-4.215200
-4.215400
-4.215600
-4.215800
-4.216000
-4.216200
-4.216400
-4.216600
-4.216800
-4.217000
-4.217200
-4.217400
-4.217600
-4.217800
-4.218000
-4.218200
-4.218400
-4.218600
-4.218800
-4.219000
-4.219200
-4.219400
-4.219600
-4.219800
-4.220000
-4.220200
-4.220400
-4.220600
-4.220800
-4.221000
-4.221200
-4.221400
-4.221600
-4.221800
-4.222000
-4.222200
-4.222400
-4.222600
-4.222800
-4.223000
-4.223200
-4.223400
-4.223600
-4.223800
-4.224000
-4.224200
-4.224400
-4.224600
-4.224800
-4.225000
-4.225200
-4.225400
-4.225600
-4.225800
-4.226000
-4.226200
-4.226400
-4.226600
-4.226800
-4.227000
-4.227200
-4.227400
-4.227600
-4.227800
-4.228000
-4.228200
-4.228400
-4.228600
-4.228800
-4.229000
-4.229200
-4.229400
-4.229600
-4.229800
-4.230000
-4.230200
-4.230400
-4.230600
-4.230800
-4.231000
-4.231200
-4.231400
-4.231600
-4.231800
-4.232000
-4.232200
-4.232400
-4.232600
-4.232800
-4.233000
-4.233200
-4.233400
-4.233600
-4.233800
-4.234000
-4.234200
-4.234400
-4.234600
-4.234800
-4.235000
-4.235200
-4.235400
-4.235600
-4.235800
-4.236000
-4.236200
-4.236400
-4.236600
-4.236800
-4.237000
-4.237200
-4.237400
-4.237600
-4.237800
-4.238000
-4.238200
-4.238400
-4.238600
-4.238800
-4.239000
-4.239200
-4.239400
-4.239600
-4.239800
-4.240000
-4.240200
-4.240400
-4.240600
-4.240800
-4.241000
-4.241200
-4.241400
-4.241600
-4.241800
-4.242000
-4.242200
-4.242400
-4.242600
-4.242800
-4.243000
-4.243200
-4.243400
-4.243600
-4.243800
-4.244000
-4.244200
-4.244400
-4.244600
-4.244800
-4.245000
-4.245200
-4.245400
-4.245600
-4.245800
-4.246000
-4.246200
-4.246400
-4.246600
-4.246800
-4.247000
-4.247200
-4.247400
-4.247600
-4.247800
-4.248000
-4.248200
-4.248400
-4.248600
-4.248800
-4.249000
-4.249200
-4.249400
-4.249600
-4.249800
-4.250000
-4.250200
-4.250400
-4.250600
-4.250800
-4.251000
-4.251200
-4.251400
-4.251600
-4.251800
-4.252000
-4.252200
-4.252400
-4.252600
-4.252800
-4.253000
-4.253200
-4.253400
-4.253600
-4.253800
-4.254000
-4.254200
-4.254400
-4.254600
-4.254800
-4.255000
-4.255200
-4.255400
-4.255600
-4.255800
-4.256000
-4.256200
-4.256400
-4.256600
-4.256800
-4.257000
-4.257200
-4.257400
-4.257600
-4.257800
-4.258000
-4.258200
-4.258400
-4.258600
-4.258800
-4.259000
-4.259200
-4.259400
-4.259600
-4.259800
-4.260000
-4.260200
-4.260400
-4.260600
-4.260800
-4.261000
-4.261200
-4.261400
-4.261600
-4.261800
-4.262000
-4.262200
-4.262400
-4.262600
-4.262800
-4.263000
-4.263200
-4.263400
-4.263600
-4.263800
-4.264000
-4.264200
-4.264400
-4.264600
-4.264800
-4.265000
-4.265200
-4.265400
-4.265600
-4.265800
-4.266000
-4.266200
-4.266400
-4.266600
-4.266800
-4.267000
-4.267200
-4.267400
-4.267600
-4.267800
-4.268000
-4.268200
-4.268400
-4.268600
-4.268800
-4.269000
-4.269200
-4.269400
-4.269600
-4.269800
-4.270000
-4.270200
-4.270400
-4.270600
-4.270800
-4.271000
-4.271200
-4.271400
-4.271600
-4.271800
-4.272000
-4.272200
-4.272400
-4.272600
-4.272800
-4.273000
-4.273200
-4.273400
-4.273600
-4.273800
-4.274000
-4.274200
-4.274400
-4.274600
-4.274800
-4.275000
-4.275200
-4.275400
-4.275600
-4.275800
-4.276000
-4.276200
-4.276400
-4.276600
-4.276800
-4.277000
-4.277200
-4.277400
-4.277600
-4.277800
-4.278000
-4.278200
-4.278400
-4.278600
-4.278800
-4.279000
-4.279200
-4.279400
-4.279600
-4.279800
-4.280000
-4.280200
-4.280400
-4.280600
-4.280800
-4.281000
-4.281200
-4.281400
-4.281600
-4.281800
-4.282000
-4.282200
-4.282400
-4.282600
-4.282800
-4.283000
-4.283200
-4.283400
-4.283600
-4.283800
-4.284000
-4.284200
-4.284400
-4.284600
-4.284800
-4.285000
-4.285200
-4.285400
-4.285600
-4.285800
-4.286000
-4.286200
-4.286400
-4.286600
-4.286800
-4.287000
-4.287200
-4.287400
-4.287600
-4.287800
-4.288000
-4.288200
-4.288400
-4.288600
-4.288800
-4.289000
-4.289200
-4.289400
-4.289600
-4.289800
-4.290000
-4.290200
-4.290400
-4.290600
-4.290800
-4.291000
-4.291200
-4.291400
-4.291600
-4.291800
-4.292000
-4.292200
-4.292400
-4.292600
-4.292800
-4.293000
-4.293200
-4.293400
-4.293600
-4.293800
-4.294000
-4.294200
-4.294400
-4.294600
-4.294800
-4.295000
-4.295200
-4.295400
-4.295600
-4.295800
-4.296000
-4.296200
-4.296400
-4.296600
-4.296800
-4.297000
-4.297200
-4.297400
-4.297600
-4.297800
-4.298000
-4.298200
-4.298400
-4.298600
-4.298800
-4.299000
-4.299200
-4.299400
-4.299600
-4.299800
-4.300000
-4.300200
-4.300400
-4.300600
-4.300800
-4.301000
-4.301200
-4.301400
-4.301600
-4.301800
-4.302000
-4.302200
-4.302400
-4.302600
-4.302800
-4.303000
-4.303200
-4.303400
-4.303600
-4.303800
-4.304000
-4.304200
-4.304400
-4.304600
-4.304800
-4.305000
-4.305200
-4.305400
-4.305600
-4.305800
-4.306000
-4.306200
-4.306400
-4.306600
-4.306800
-4.307000
-4.307200
-4.307400
-4.307600
-4.307800
-4.308000
-4.308200
-4.308400
-4.308600
-4.308800
-4.309000
-4.309200
-4.309400
-4.309600
-4.309800
-4.310000
-4.310200
-4.310400
-4.310600
-4.310800
-4.311000
-4.311200
-4.311400
-4.311600
-4.311800
-4.312000
-4.312200
-4.312400
-4.312600
-4.312800
-4.313000
-4.313200
-4.313400
-4.313600
-4.313800
-4.314000
-4.314200
-4.314400
-4.314600
-4.314800
-4.315000
-4.315200
-4.315400
-4.315600
-4.315800
-4.316000
-4.316200
-4.316400
-4.316600
-4.316800
-4.317000
-4.317200
-4.317400
-4.317600
-4.317800
-4.318000
-4.318200
-4.318400
-4.318600
-4.318800
-4.319000
-4.319200
-4.319400
-4.319600
-4.319800
-4.320000
-4.320200
-4.320400
-4.320600
-4.320800
-4.321000
-4.321200
-4.321400
-4.321600
-4.321800
-4.322000
-4.322200
-4.322400
-4.322600
-4.322800
-4.323000
-4.323200
-4.323400
-4.323600
-4.323800
-4.324000
-4.324200
-4.324400
-4.324600
-4.324800
-4.325000
-4.325200
-4.325400
-4.325600
-4.325800
-4.326000
-4.326200
-4.326400
-4.326600
-4.326800
-4.327000
-4.327200
-4.327400
-4.327600
-4.327800
-4.328000
-4.328200
-4.328400
-4.328600
-4.328800
-4.329000
-4.329200
-4.329400
-4.329600
-4.329800
-4.330000
-4.330200
-4.330400
-4.330600
-4.330800
-4.331000
-4.331200
-4.331400
-4.331600
-4.331800
-4.332000
-4.332200
-4.332400
-4.332600
-4.332800
-4.333000
-4.333200
-4.333400
-4.333600
-4.333800
-4.334000
-4.334200
-4.334400
-4.334600
-4.334800
-4.335000
-4.335200
-4.335400
-4.335600
-4.335800
-4.336000
-4.336200
-4.336400
-4.336600
-4.336800
-4.337000
-4.337200
-4.337400
-4.337600
-4.337800
-4.338000
-4.338200
-4.338400
-4.338600
-4.338800
-4.339000
-4.339200
-4.339400
-4.339600
-4.339800
-4.340000
-4.340200
-4.340400
-4.340600
-4.340800
-4.341000
-4.341200
-4.341400
-4.341600
-4.341800
-4.342000
-4.342200
-4.342400
-4.342600
-4.342800
-4.343000
-4.343200
-4.343400
-4.343600
-4.343800
-4.344000
-4.344200
-4.344400
-4.344600
-4.344800
-4.345000
-4.345200
-4.345400
-4.345600
-4.345800
-4.346000
-4.346200
-4.346400
-4.346600
-4.346800
-4.347000
-4.347200
-4.347400
-4.347600
-4.347800
-4.348000
-4.348200
-4.348400
-4.348600
-4.348800
-4.349000
-4.349200
-4.349400
-4.349600
-4.349800
-4.350000
-4.350200
-4.350400
-4.350600
-4.350800
-4.351000
-4.351200
-4.351400
-4.351600
-4.351800
-4.352000
-4.352200
-4.352400
-4.352600
-4.352800
-4.353000
-4.353200
-4.353400
-4.353600
-4.353800
-4.354000
-4.354200
-4.354400
-4.354600
-4.354800
-4.355000
-4.355200
-4.355400
-4.355600
-4.355800
-4.356000
-4.356200
-4.356400
-4.356600
-4.356800
-4.357000
-4.357200
-4.357400
-4.357600
-4.357800
-4.358000
-4.358200
-4.358400
-4.358600
-4.358800
-4.359000
-4.359200
-4.359400
-4.359600
-4.359800
-4.360000
-4.360200
-4.360400
-4.360600
-4.360800
-4.361000
-4.361200
-4.361400
-4.361600
-4.361800
-4.362000
-4.362200
-4.362400
-4.362600
-4.362800
-4.363000
-4.363200
-4.363400
-4.363600
-4.363800
-4.364000
-4.364200
-4.364400
-4.364600
-4.364800
-4.365000
-4.365200
-4.365400
-4.365600
-4.365800
-4.366000
-4.366200
-4.366400
-4.366600
-4.366800
-4.367000
-4.367200
-4.367400
-4.367600
-4.367800
-4.368000
-4.368200
-4.368400
-4.368600
-4.368800
-4.369000
-4.369200
-4.369400
-4.369600
-4.369800
-4.370000
-4.370200
-4.370400
-4.370600
-4.370800
-4.371000
-4.371200
-4.371400
-4.371600
-4.371800
-4.372000
-4.372200
-4.372400
-4.372600
-4.372800
-4.373000
-4.373200
-4.373400
-4.373600
-4.373800
-4.374000
-4.374200
-4.374400
-4.374600
-4.374800
-4.375000
-4.375200
-4.375400
-4.375600
-4.375800
-4.376000
-4.376200
-4.376400
-4.376600
-4.376800
-4.377000
-4.377200
-4.377400
-4.377600
-4.377800
-4.378000
-4.378200
-4.378400
-4.378600
-4.378800
-4.379000
-4.379200
-4.379400
-4.379600
-4.379800
-4.380000
-4.380200
-4.380400
-4.380600
-4.380800
-4.381000
-4.381200
-4.381400
-4.381600
-4.381800
-4.382000
-4.382200
-4.382400
-4.382600
-4.382800
-4.383000
-4.383200
-4.383400
-4.383600
-4.383800
-4.384000
-4.384200
-4.384400
-4.384600
-4.384800
-4.385000
-4.385200
-4.385400
-4.385600
-4.385800
-4.386000
-4.386200
-4.386400
-4.386600
-4.386800
-4.387000
-4.387200
-4.387400
-4.387600
-4.387800
-4.388000
-4.388200
-4.388400
-4.388600
-4.388800
-4.389000
-4.389200
-4.389400
-4.389600
-4.389800
-4.390000
-4.390200
-4.390400
-4.390600
-4.390800
-4.391000
-4.391200
-4.391400
-4.391600
-4.391800
-4.392000
-4.392200
-4.392400
-4.392600
-4.392800
-4.393000
-4.393200
-4.393400
-4.393600
-4.393800
-4.394000
-4.394200
-4.394400
-4.394600
-4.394800
-4.395000
-4.395200
-4.395400
-4.395600
-4.395800
-4.396000
-4.396200
-4.396400
-4.396600
-4.396800
-4.397000
-4.397200
-4.397400
-4.397600
-4.397800
-4.398000
-4.398200
-4.398400
-4.398600
-4.398800
-4.399000
-4.399200
-4.399400
-4.399600
-4.399800
-4.400000
-4.400200
-4.400400
-4.400600
-4.400800
-4.401000
-4.401200
-4.401400
-4.401600
-4.401800
-4.402000
-4.402200
-4.402400
-4.402600
-4.402800
-4.403000
-4.403200
-4.403400
-4.403600
-4.403800
-4.404000
-4.404200
-4.404400
-4.404600
-4.404800
-4.405000
-4.405200
-4.405400
-4.405600
-4.405800
-4.406000
-4.406200
-4.406400
-4.406600
-4.406800
-4.407000
-4.407200
-4.407400
-4.407600
-4.407800
-4.408000
-4.408200
-4.408400
-4.408600
-4.408800
-4.409000
-4.409200
-4.409400
-4.409600
-4.409800
-4.410000
-4.410200
-4.410400
-4.410600
-4.410800
-4.411000
-4.411200
-4.411400
-4.411600
-4.411800
-4.412000
-4.412200
-4.412400
-4.412600
-4.412800
-4.413000
-4.413200
-4.413400
-4.413600
-4.413800
-4.414000
-4.414200
-4.414400
-4.414600
-4.414800
-4.415000
-4.415200
-4.415400
-4.415600
-4.415800
-4.416000
-4.416200
-4.416400
-4.416600
-4.416800
-4.417000
-4.417200
-4.417400
-4.417600
-4.417800
-4.418000
-4.418200
-4.418400
-4.418600
-4.418800
-4.419000
-4.419200
-4.419400
-4.419600
-4.419800
-4.420000
-4.420200
-4.420400
-4.420600
-4.420800
-4.421000
-4.421200
-4.421400
-4.421600
-4.421800
-4.422000
-4.422200
-4.422400
-4.422600
-4.422800
-4.423000
-4.423200
-4.423400
-4.423600
-4.423800
-4.424000
-4.424200
-4.424400
-4.424600
-4.424800
-4.425000
-4.425200
-4.425400
-4.425600
-4.425800
-4.426000
-4.426200
-4.426400
-4.426600
-4.426800
-4.427000
-4.427200
-4.427400
-4.427600
-4.427800
-4.428000
-4.428200
-4.428400
-4.428600
-4.428800
-4.429000
-4.429200
-4.429400
-4.429600
-4.429800
-4.430000
-4.430200
-4.430400
-4.430600
-4.430800
-4.431000
-4.431200
-4.431400
-4.431600
-4.431800
-4.432000
-4.432200
-4.432400
-4.432600
-4.432800
-4.433000
-4.433200
-4.433400
-4.433600
-4.433800
-4.434000
-4.434200
-4.434400
-4.434600
-4.434800
-4.435000
-4.435200
-4.435400
-4.435600
-4.435800
-4.436000
-4.436200
-4.436400
-4.436600
-4.436800
-4.437000
-4.437200
-4.437400
-4.437600
-4.437800
-4.438000
-4.438200
-4.438400
-4.438600
-4.438800
-4.439000
-4.439200
-4.439400
-4.439600
-4.439800
-4.440000
-4.440200
-4.440400
-4.440600
-4.440800
-4.441000
-4.441200
-4.441400
-4.441600
-4.441800
-4.442000
-4.442200
-4.442400
-4.442600
-4.442800
-4.443000
-4.443200
-4.443400
-4.443600
-4.443800
-4.444000
-4.444200
-4.444400
-4.444600
-4.444800
-4.445000
-4.445200
-4.445400
-4.445600
-4.445800
-4.446000
-4.446200
-4.446400
-4.446600
-4.446800
-4.447000
-4.447200
-4.447400
-4.447600
-4.447800
-4.448000
-4.448200
-4.448400
-4.448600
-4.448800
-4.449000
-4.449200
-4.449400
-4.449600
-4.449800
-4.450000
-4.450200
-4.450400
-4.450600
-4.450800
-4.451000
-4.451200
-4.451400
-4.451600
-4.451800
-4.452000
-4.452200
-4.452400
-4.452600
-4.452800
-4.453000
-4.453200
-4.453400
-4.453600
-4.453800
-4.454000
-4.454200
-4.454400
-4.454600
-4.454800
-4.455000
-4.455200
-4.455400
-4.455600
-4.455800
-4.456000
-4.456200
-4.456400
-4.456600
-4.456800
-4.457000
-4.457200
-4.457400
-4.457600
-4.457800
-4.458000
-4.458200
-4.458400
-4.458600
-4.458800
-4.459000
-4.459200
-4.459400
-4.459600
-4.459800
-4.460000
-4.460200
-4.460400
-4.460600
-4.460800
-4.461000
-4.461200
-4.461400
-4.461600
-4.461800
-4.462000
-4.462200
-4.462400
-4.462600
-4.462800
-4.463000
-4.463200
-4.463400
-4.463600
-4.463800
-4.464000
-4.464200
-4.464400
-4.464600
-4.464800
-4.465000
-4.465200
-4.465400
-4.465600
-4.465800
-4.466000
-4.466200
-4.466400
-4.466600
-4.466800
-4.467000
-4.467200
-4.467400
-4.467600
-4.467800
-4.468000
-4.468200
-4.468400
-4.468600
-4.468800
-4.469000
-4.469200
-4.469400
-4.469600
-4.469800
-4.470000
-4.470200
-4.470400
-4.470600
-4.470800
-4.471000
-4.471200
-4.471400
-4.471600
-4.471800
-4.472000
-4.472200
-4.472400
-4.472600
-4.472800
-4.473000
-4.473200
-4.473400
-4.473600
-4.473800
-4.474000
-4.474200
-4.474400
-4.474600
-4.474800
-4.475000
-4.475200
-4.475400
-4.475600
-4.475800
-4.476000
-4.476200
-4.476400
-4.476600
-4.476800
-4.477000
-4.477200
-4.477400
-4.477600
-4.477800
-4.478000
-4.478200
-4.478400
-4.478600
-4.478800
-4.479000
-4.479200
-4.479400
-4.479600
-4.479800
-4.480000
-4.480200
-4.480400
-4.480600
-4.480800
-4.481000
-4.481200
-4.481400
-4.481600
-4.481800
-4.482000
-4.482200
-4.482400
-4.482600
-4.482800
-4.483000
-4.483200
-4.483400
-4.483600
-4.483800
-4.484000
-4.484200
-4.484400
-4.484600
-4.484800
-4.485000
-4.485200
-4.485400
-4.485600
-4.485800
-4.486000
-4.486200
-4.486400
-4.486600
-4.486800
-4.487000
-4.487200
-4.487400
-4.487600
-4.487800
-4.488000
-4.488200
-4.488400
-4.488600
-4.488800
-4.489000
-4.489200
-4.489400
-4.489600
-4.489800
-4.490000
-4.490200
-4.490400
-4.490600
-4.490800
-4.491000
-4.491200
-4.491400
-4.491600
-4.491800
-4.492000
-4.492200
-4.492400
-4.492600
-4.492800
-4.493000
-4.493200
-4.493400
-4.493600
-4.493800
-4.494000
-4.494200
-4.494400
-4.494600
-4.494800
-4.495000
-4.495200
-4.495400
-4.495600
-4.495800
-4.496000
-4.496200
-4.496400
-4.496600
-4.496800
-4.497000
-4.497200
-4.497400
-4.497600
-4.497800
-4.498000
-4.498200
-4.498400
-4.498600
-4.498800
-4.499000
-4.499200
-4.499400
-4.499600
-4.499800
-4.500000
-4.500200
-4.500400
-4.500600
-4.500800
-4.501000
-4.501200
-4.501400
-4.501600
-4.501800
-4.502000
-4.502200
-4.502400
-4.502600
-4.502800
-4.503000
-4.503200
-4.503400
-4.503600
-4.503800
-4.504000
-4.504200
-4.504400
-4.504600
-4.504800
-4.505000
-4.505200
-4.505400
-4.505600
-4.505800
-4.506000
-4.506200
-4.506400
-4.506600
-4.506800
-4.507000
-4.507200
-4.507400
-4.507600
-4.507800
-4.508000
-4.508200
-4.508400
-4.508600
-4.508800
-4.509000
-4.509200
-4.509400
-4.509600
-4.509800
-4.510000
-4.510200
-4.510400
-4.510600
-4.510800
-4.511000
-4.511200
-4.511400
-4.511600
-4.511800
-4.512000
-4.512200
-4.512400
-4.512600
-4.512800
-4.513000
-4.513200
-4.513400
-4.513600
-4.513800
-4.514000
-4.514200
-4.514400
-4.514600
-4.514800
-4.515000
-4.515200
-4.515400
-4.515600
-4.515800
-4.516000
-4.516200
-4.516400
-4.516600
-4.516800
-4.517000
-4.517200
-4.517400
-4.517600
-4.517800
-4.518000
-4.518200
-4.518400
-4.518600
-4.518800
-4.519000
-4.519200
-4.519400
-4.519600
-4.519800
-4.520000
-4.520200
-4.520400
-4.520600
-4.520800
-4.521000
-4.521200
-4.521400
-4.521600
-4.521800
-4.522000
-4.522200
-4.522400
-4.522600
-4.522800
-4.523000
-4.523200
-4.523400
-4.523600
-4.523800
-4.524000
-4.524200
-4.524400
-4.524600
-4.524800
-4.525000
-4.525200
-4.525400
-4.525600
-4.525800
-4.526000
-4.526200
-4.526400
-4.526600
-4.526800
-4.527000
-4.527200
-4.527400
-4.527600
-4.527800
-4.528000
-4.528200
-4.528400
-4.528600
-4.528800
-4.529000
-4.529200
-4.529400
-4.529600
-4.529800
-4.530000
-4.530200
-4.530400
-4.530600
-4.530800
-4.531000
-4.531200
-4.531400
-4.531600
-4.531800
-4.532000
-4.532200
-4.532400
-4.532600
-4.532800
-4.533000
-4.533200
-4.533400
-4.533600
-4.533800
-4.534000
-4.534200
-4.534400
-4.534600
-4.534800
-4.535000
-4.535200
-4.535400
-4.535600
-4.535800
-4.536000
-4.536200
-4.536400
-4.536600
-4.536800
-4.537000
-4.537200
-4.537400
-4.537600
-4.537800
-4.538000
-4.538200
-4.538400
-4.538600
-4.538800
-4.539000
-4.539200
-4.539400
-4.539600
-4.539800
-4.540000
-4.540200
-4.540400
-4.540600
-4.540800
-4.541000
-4.541200
-4.541400
-4.541600
-4.541800
-4.542000
-4.542200
-4.542400
-4.542600
-4.542800
-4.543000
-4.543200
-4.543400
-4.543600
-4.543800
-4.544000
-4.544200
-4.544400
-4.544600
-4.544800
-4.545000
-4.545200
-4.545400
-4.545600
-4.545800
-4.546000
-4.546200
-4.546400
-4.546600
-4.546800
-4.547000
-4.547200
-4.547400
-4.547600
-4.547800
-4.548000
-4.548200
-4.548400
-4.548600
-4.548800
-4.549000
-4.549200
-4.549400
-4.549600
-4.549800
-4.550000
-4.550200
-4.550400
-4.550600
-4.550800
-4.551000
-4.551200
-4.551400
-4.551600
-4.551800
-4.552000
-4.552200
-4.552400
-4.552600
-4.552800
-4.553000
-4.553200
-4.553400
-4.553600
-4.553800
-4.554000
-4.554200
-4.554400
-4.554600
-4.554800
-4.555000
-4.555200
-4.555400
-4.555600
-4.555800
-4.556000
-4.556200
-4.556400
-4.556600
-4.556800
-4.557000
-4.557200
-4.557400
-4.557600
-4.557800
-4.558000
-4.558200
-4.558400
-4.558600
-4.558800
-4.559000
-4.559200
-4.559400
-4.559600
-4.559800
-4.560000
-4.560200
-4.560400
-4.560600
-4.560800
-4.561000
-4.561200
-4.561400
-4.561600
-4.561800
-4.562000
-4.562200
-4.562400
-4.562600
-4.562800
-4.563000
-4.563200
-4.563400
-4.563600
-4.563800
-4.564000
-4.564200
-4.564400
-4.564600
-4.564800
-4.565000
-4.565200
-4.565400
-4.565600
-4.565800
-4.566000
-4.566200
-4.566400
-4.566600
-4.566800
-4.567000
-4.567200
-4.567400
-4.567600
-4.567800
-4.568000
-4.568200
-4.568400
-4.568600
-4.568800
-4.569000
-4.569200
-4.569400
-4.569600
-4.569800
-4.570000
-4.570200
-4.570400
-4.570600
-4.570800
-4.571000
-4.571200
-4.571400
-4.571600
-4.571800
-4.572000
-4.572200
-4.572400
-4.572600
-4.572800
-4.573000
-4.573200
-4.573400
-4.573600
-4.573800
-4.574000
-4.574200
-4.574400
-4.574600
-4.574800
-4.575000
-4.575200
-4.575400
-4.575600
-4.575800
-4.576000
-4.576200
-4.576400
-4.576600
-4.576800
-4.577000
-4.577200
-4.577400
-4.577600
-4.577800
-4.578000
-4.578200
-4.578400
-4.578600
-4.578800
-4.579000
-4.579200
-4.579400
-4.579600
-4.579800
-4.580000
-4.580200
-4.580400
-4.580600
-4.580800
-4.581000
-4.581200
-4.581400
-4.581600
-4.581800
-4.582000
-4.582200
-4.582400
-4.582600
-4.582800
-4.583000
-4.583200
-4.583400
-4.583600
-4.583800
-4.584000
-4.584200
-4.584400
-4.584600
-4.584800
-4.585000
-4.585200
-4.585400
-4.585600
-4.585800
-4.586000
-4.586200
-4.586400
-4.586600
-4.586800
-4.587000
-4.587200
-4.587400
-4.587600
-4.587800
-4.588000
-4.588200
-4.588400
-4.588600
-4.588800
-4.589000
-4.589200
-4.589400
-4.589600
-4.589800
-4.590000
-4.590200
-4.590400
-4.590600
-4.590800
-4.591000
-4.591200
-4.591400
-4.591600
-4.591800
-4.592000
-4.592200
-4.592400
-4.592600
-4.592800
-4.593000
-4.593200
-4.593400
-4.593600
-4.593800
-4.594000
-4.594200
-4.594400
-4.594600
-4.594800
-4.595000
-4.595200
-4.595400
-4.595600
-4.595800
-4.596000
-4.596200
-4.596400
-4.596600
-4.596800
-4.597000
-4.597200
-4.597400
-4.597600
-4.597800
-4.598000
-4.598200
-4.598400
-4.598600
-4.598800
-4.599000
-4.599200
-4.599400
-4.599600
-4.599800
-4.600000
-4.600200
-4.600400
-4.600600
-4.600800
-4.601000
-4.601200
-4.601400
-4.601600
-4.601800
-4.602000
-4.602200
-4.602400
-4.602600
-4.602800
-4.603000
-4.603200
-4.603400
-4.603600
-4.603800
-4.604000
-4.604200
-4.604400
-4.604600
-4.604800
-4.605000
-4.605200
-4.605400
-4.605600
-4.605800
-4.606000
-4.606200
-4.606400
-4.606600
-4.606800
-4.607000
-4.607200
-4.607400
-4.607600
-4.607800
-4.608000
-4.608200
-4.608400
-4.608600
-4.608800
-4.609000
-4.609200
-4.609400
-4.609600
-4.609800
-4.610000
-4.610200
-4.610400
-4.610600
-4.610800
-4.611000
-4.611200
-4.611400
-4.611600
-4.611800
-4.612000
-4.612200
-4.612400
-4.612600
-4.612800
-4.613000
-4.613200
-4.613400
-4.613600
-4.613800
-4.614000
-4.614200
-4.614400
-4.614600
-4.614800
-4.615000
-4.615200
-4.615400
-4.615600
-4.615800
-4.616000
-4.616200
-4.616400
-4.616600
-4.616800
-4.617000
-4.617200
-4.617400
-4.617600
-4.617800
-4.618000
-4.618200
-4.618400
-4.618600
-4.618800
-4.619000
-4.619200
-4.619400
-4.619600
-4.619800
-4.620000
-4.620200
-4.620400
-4.620600
-4.620800
-4.621000
-4.621200
-4.621400
-4.621600
-4.621800
-4.622000
-4.622200
-4.622400
-4.622600
-4.622800
-4.623000
-4.623200
-4.623400
-4.623600
-4.623800
-4.624000
-4.624200
-4.624400
-4.624600
-4.624800
-4.625000
-4.625200
-4.625400
-4.625600
-4.625800
-4.626000
-4.626200
-4.626400
-4.626600
-4.626800
-4.627000
-4.627200
-4.627400
-4.627600
-4.627800
-4.628000
-4.628200
-4.628400
-4.628600
-4.628800
-4.629000
-4.629200
-4.629400
-4.629600
-4.629800
-4.630000
-4.630200
-4.630400
-4.630600
-4.630800
-4.631000
-4.631200
-4.631400
-4.631600
-4.631800
-4.632000
-4.632200
-4.632400
-4.632600
-4.632800
-4.633000
-4.633200
-4.633400
-4.633600
-4.633800
-4.634000
-4.634200
-4.634400
-4.634600
-4.634800
-4.635000
-4.635200
-4.635400
-4.635600
-4.635800
-4.636000
-4.636200
-4.636400
-4.636600
-4.636800
-4.637000
-4.637200
-4.637400
-4.637600
-4.637800
-4.638000
-4.638200
-4.638400
-4.638600
-4.638800
-4.639000
-4.639200
-4.639400
-4.639600
-4.639800
-4.640000
-4.640200
-4.640400
-4.640600
-4.640800
-4.641000
-4.641200
-4.641400
-4.641600
-4.641800
-4.642000
-4.642200
-4.642400
-4.642600
-4.642800
-4.643000
-4.643200
-4.643400
-4.643600
-4.643800
-4.644000
-4.644200
-4.644400
-4.644600
-4.644800
-4.645000
-4.645200
-4.645400
-4.645600
-4.645800
-4.646000
-4.646200
-4.646400
-4.646600
-4.646800
-4.647000
-4.647200
-4.647400
-4.647600
-4.647800
-4.648000
-4.648200
-4.648400
-4.648600
-4.648800
-4.649000
-4.649200
-4.649400
-4.649600
-4.649800
-4.650000
-4.650200
-4.650400
-4.650600
-4.650800
-4.651000
-4.651200
-4.651400
-4.651600
-4.651800
-4.652000
-4.652200
-4.652400
-4.652600
-4.652800
-4.653000
-4.653200
-4.653400
-4.653600
-4.653800
-4.654000
-4.654200
-4.654400
-4.654600
-4.654800
-4.655000
-4.655200
-4.655400
-4.655600
-4.655800
-4.656000
-4.656200
-4.656400
-4.656600
-4.656800
-4.657000
-4.657200
-4.657400
-4.657600
-4.657800
-4.658000
-4.658200
-4.658400
-4.658600
-4.658800
-4.659000
-4.659200
-4.659400
-4.659600
-4.659800
-4.660000
-4.660200
-4.660400
-4.660600
-4.660800
-4.661000
-4.661200
-4.661400
-4.661600
-4.661800
-4.662000
-4.662200
-4.662400
-4.662600
-4.662800
-4.663000
-4.663200
-4.663400
-4.663600
-4.663800
-4.664000
-4.664200
-4.664400
-4.664600
-4.664800
-4.665000
-4.665200
-4.665400
-4.665600
-4.665800
-4.666000
-4.666200
-4.666400
-4.666600
-4.666800
-4.667000
-4.667200
-4.667400
-4.667600
-4.667800
-4.668000
-4.668200
-4.668400
-4.668600
-4.668800
-4.669000
-4.669200
-4.669400
-4.669600
-4.669800
-4.670000
-4.670200
-4.670400
-4.670600
-4.670800
-4.671000
-4.671200
-4.671400
-4.671600
-4.671800
-4.672000
-4.672200
-4.672400
-4.672600
-4.672800
-4.673000
-4.673200
-4.673400
-4.673600
-4.673800
-4.674000
-4.674200
-4.674400
-4.674600
-4.674800
-4.675000
-4.675200
-4.675400
-4.675600
-4.675800
-4.676000
-4.676200
-4.676400
-4.676600
-4.676800
-4.677000
-4.677200
-4.677400
-4.677600
-4.677800
-4.678000
-4.678200
-4.678400
-4.678600
-4.678800
-4.679000
-4.679200
-4.679400
-4.679600
-4.679800
-4.680000
-4.680200
-4.680400
-4.680600
-4.680800
-4.681000
-4.681200
-4.681400
-4.681600
-4.681800
-4.682000
-4.682200
-4.682400
-4.682600
-4.682800
-4.683000
-4.683200
-4.683400
-4.683600
-4.683800
-4.684000
-4.684200
-4.684400
-4.684600
-4.684800
-4.685000
-4.685200
-4.685400
-4.685600
-4.685800
-4.686000
-4.686200
-4.686400
-4.686600
-4.686800
-4.687000
-4.687200
-4.687400
-4.687600
-4.687800
-4.688000
-4.688200
-4.688400
-4.688600
-4.688800
-4.689000
-4.689200
-4.689400
-4.689600
-4.689800
-4.690000
-4.690200
-4.690400
-4.690600
-4.690800
-4.691000
-4.691200
-4.691400
-4.691600
-4.691800
-4.692000
-4.692200
-4.692400
-4.692600
-4.692800
-4.693000
-4.693200
-4.693400
-4.693600
-4.693800
-4.694000
-4.694200
-4.694400
-4.694600
-4.694800
-4.695000
-4.695200
-4.695400
-4.695600
-4.695800
-4.696000
-4.696200
-4.696400
-4.696600
-4.696800
-4.697000
-4.697200
-4.697400
-4.697600
-4.697800
-4.698000
-4.698200
-4.698400
-4.698600
-4.698800
-4.699000
-4.699200
-4.699400
-4.699600
-4.699800
-4.700000
-4.700200
-4.700400
-4.700600
-4.700800
-4.701000
-4.701200
-4.701400
-4.701600
-4.701800
-4.702000
-4.702200
-4.702400
-4.702600
-4.702800
-4.703000
-4.703200
-4.703400
-4.703600
-4.703800
-4.704000
-4.704200
-4.704400
-4.704600
-4.704800
-4.705000
-4.705200
-4.705400
-4.705600
-4.705800
-4.706000
-4.706200
-4.706400
-4.706600
-4.706800
-4.707000
-4.707200
-4.707400
-4.707600
-4.707800
-4.708000
-4.708200
-4.708400
-4.708600
-4.708800
-4.709000
-4.709200
-4.709400
-4.709600
-4.709800
-4.710000
-4.710200
-4.710400
-4.710600
-4.710800
-4.711000
-4.711200
-4.711400
-4.711600
-4.711800
-4.712000
-4.712200
-4.712400
-4.712600
-4.712800
-4.713000
-4.713200
-4.713400
-4.713600
-4.713800
-4.714000
-4.714200
-4.714400
-4.714600
-4.714800
-4.715000
-4.715200
-4.715400
-4.715600
-4.715800
-4.716000
-4.716200
-4.716400
-4.716600
-4.716800
-4.717000
-4.717200
-4.717400
-4.717600
-4.717800
-4.718000
-4.718200
-4.718400
-4.718600
-4.718800
-4.719000
-4.719200
-4.719400
-4.719600
-4.719800
-4.720000
-4.720200
-4.720400
-4.720600
-4.720800
-4.721000
-4.721200
-4.721400
-4.721600
-4.721800
-4.722000
-4.722200
-4.722400
-4.722600
-4.722800
-4.723000
-4.723200
-4.723400
-4.723600
-4.723800
-4.724000
-4.724200
-4.724400
-4.724600
-4.724800
-4.725000
-4.725200
-4.725400
-4.725600
-4.725800
-4.726000
-4.726200
-4.726400
-4.726600
-4.726800
-4.727000
-4.727200
-4.727400
-4.727600
-4.727800
-4.728000
-4.728200
-4.728400
-4.728600
-4.728800
-4.729000
-4.729200
-4.729400
-4.729600
-4.729800
-4.730000
-4.730200
-4.730400
-4.730600
-4.730800
-4.731000
-4.731200
-4.731400
-4.731600
-4.731800
-4.732000
-4.732200
-4.732400
-4.732600
-4.732800
-4.733000
-4.733200
-4.733400
-4.733600
-4.733800
-4.734000
-4.734200
-4.734400
-4.734600
-4.734800
-4.735000
-4.735200
-4.735400
-4.735600
-4.735800
-4.736000
-4.736200
-4.736400
-4.736600
-4.736800
-4.737000
-4.737200
-4.737400
-4.737600
-4.737800
-4.738000
-4.738200
-4.738400
-4.738600
-4.738800
-4.739000
-4.739200
-4.739400
-4.739600
-4.739800
-4.740000
-4.740200
-4.740400
-4.740600
-4.740800
-4.741000
-4.741200
-4.741400
-4.741600
-4.741800
-4.742000
-4.742200
-4.742400
-4.742600
-4.742800
-4.743000
-4.743200
-4.743400
-4.743600
-4.743800
-4.744000
-4.744200
-4.744400
-4.744600
-4.744800
-4.745000
-4.745200
-4.745400
-4.745600
-4.745800
-4.746000
-4.746200
-4.746400
-4.746600
-4.746800
-4.747000
-4.747200
-4.747400
-4.747600
-4.747800
-4.748000
-4.748200
-4.748400
-4.748600
-4.748800
-4.749000
-4.749200
-4.749400
-4.749600
-4.749800
-4.750000
-4.750200
-4.750400
-4.750600
-4.750800
-4.751000
-4.751200
-4.751400
-4.751600
-4.751800
-4.752000
-4.752200
-4.752400
-4.752600
-4.752800
-4.753000
-4.753200
-4.753400
-4.753600
-4.753800
-4.754000
-4.754200
-4.754400
-4.754600
-4.754800
-4.755000
-4.755200
-4.755400
-4.755600
-4.755800
-4.756000
-4.756200
-4.756400
-4.756600
-4.756800
-4.757000
-4.757200
-4.757400
-4.757600
-4.757800
-4.758000
-4.758200
-4.758400
-4.758600
-4.758800
-4.759000
-4.759200
-4.759400
-4.759600
-4.759800
-4.760000
-4.760200
-4.760400
-4.760600
-4.760800
-4.761000
-4.761200
-4.761400
-4.761600
-4.761800
-4.762000
-4.762200
-4.762400
-4.762600
-4.762800
-4.763000
-4.763200
-4.763400
-4.763600
-4.763800
-4.764000
-4.764200
-4.764400
-4.764600
-4.764800
-4.765000
-4.765200
-4.765400
-4.765600
-4.765800
-4.766000
-4.766200
-4.766400
-4.766600
-4.766800
-4.767000
-4.767200
-4.767400
-4.767600
-4.767800
-4.768000
-4.768200
-4.768400
-4.768600
-4.768800
-4.769000
-4.769200
-4.769400
-4.769600
-4.769800
-4.770000
-4.770200
-4.770400
-4.770600
-4.770800
-4.771000
-4.771200
-4.771400
-4.771600
-4.771800
-4.772000
-4.772200
-4.772400
-4.772600
-4.772800
-4.773000
-4.773200
-4.773400
-4.773600
-4.773800
-4.774000
-4.774200
-4.774400
-4.774600
-4.774800
-4.775000
-4.775200
-4.775400
-4.775600
-4.775800
-4.776000
-4.776200
-4.776400
-4.776600
-4.776800
-4.777000
-4.777200
-4.777400
-4.777600
-4.777800
-4.778000
-4.778200
-4.778400
-4.778600
-4.778800
-4.779000
-4.779200
-4.779400
-4.779600
-4.779800
-4.780000
-4.780200
-4.780400
-4.780600
-4.780800
-4.781000
-4.781200
-4.781400
-4.781600
-4.781800
-4.782000
-4.782200
-4.782400
-4.782600
-4.782800
-4.783000
-4.783200
-4.783400
-4.783600
-4.783800
-4.784000
-4.784200
-4.784400
-4.784600
-4.784800
-4.785000
-4.785200
-4.785400
-4.785600
-4.785800
-4.786000
-4.786200
-4.786400
-4.786600
-4.786800
-4.787000
-4.787200
-4.787400
-4.787600
-4.787800
-4.788000
-4.788200
-4.788400
-4.788600
-4.788800
-4.789000
-4.789200
-4.789400
-4.789600
-4.789800
-4.790000
-4.790200
-4.790400
-4.790600
-4.790800
-4.791000
-4.791200
-4.791400
-4.791600
-4.791800
-4.792000
-4.792200
-4.792400
-4.792600
-4.792800
-4.793000
-4.793200
-4.793400
-4.793600
-4.793800
-4.794000
-4.794200
-4.794400
-4.794600
-4.794800
-4.795000
-4.795200
-4.795400
-4.795600
-4.795800
-4.796000
-4.796200
-4.796400
-4.796600
-4.796800
-4.797000
-4.797200
-4.797400
-4.797600
-4.797800
-4.798000
-4.798200
-4.798400
-4.798600
-4.798800
-4.799000
-4.799200
-4.799400
-4.799600
-4.799800
-4.800000
-4.800200
-4.800400
-4.800600
-4.800800
-4.801000
-4.801200
-4.801400
-4.801600
-4.801800
-4.802000
-4.802200
-4.802400
-4.802600
-4.802800
-4.803000
-4.803200
-4.803400
-4.803600
-4.803800
-4.804000
-4.804200
-4.804400
-4.804600
-4.804800
-4.805000
-4.805200
-4.805400
-4.805600
-4.805800
-4.806000
-4.806200
-4.806400
-4.806600
-4.806800
-4.807000
-4.807200
-4.807400
-4.807600
-4.807800
-4.808000
-4.808200
-4.808400
-4.808600
-4.808800
-4.809000
-4.809200
-4.809400
-4.809600
-4.809800
-4.810000
-4.810200
-4.810400
-4.810600
-4.810800
-4.811000
-4.811200
-4.811400
-4.811600
-4.811800
-4.812000
-4.812200
-4.812400
-4.812600
-4.812800
-4.813000
-4.813200
-4.813400
-4.813600
-4.813800
-4.814000
-4.814200
-4.814400
-4.814600
-4.814800
-4.815000
-4.815200
-4.815400
-4.815600
-4.815800
-4.816000
-4.816200
-4.816400
-4.816600
-4.816800
-4.817000
-4.817200
-4.817400
-4.817600
-4.817800
-4.818000
-4.818200
-4.818400
-4.818600
-4.818800
-4.819000
-4.819200
-4.819400
-4.819600
-4.819800
-4.820000
-4.820200
-4.820400
-4.820600
-4.820800
-4.821000
-4.821200
-4.821400
-4.821600
-4.821800
-4.822000
-4.822200
-4.822400
-4.822600
-4.822800
-4.823000
-4.823200
-4.823400
-4.823600
-4.823800
-4.824000
-4.824200
-4.824400
-4.824600
-4.824800
-4.825000
-4.825200
-4.825400
-4.825600
-4.825800
-4.826000
-4.826200
-4.826400
-4.826600
-4.826800
-4.827000
-4.827200
-4.827400
-4.827600
-4.827800
-4.828000
-4.828200
-4.828400
-4.828600
-4.828800
-4.829000
-4.829200
-4.829400
-4.829600
-4.829800
-4.830000
-4.830200
-4.830400
-4.830600
-4.830800
-4.831000
-4.831200
-4.831400
-4.831600
-4.831800
-4.832000
-4.832200
-4.832400
-4.832600
-4.832800
-4.833000
-4.833200
-4.833400
-4.833600
-4.833800
-4.834000
-4.834200
-4.834400
-4.834600
-4.834800
-4.835000
-4.835200
-4.835400
-4.835600
-4.835800
-4.836000
-4.836200
-4.836400
-4.836600
-4.836800
-4.837000
-4.837200
-4.837400
-4.837600
-4.837800
-4.838000
-4.838200
-4.838400
-4.838600
-4.838800
-4.839000
-4.839200
-4.839400
-4.839600
-4.839800
-4.840000
-4.840200
-4.840400
-4.840600
-4.840800
-4.841000
-4.841200
-4.841400
-4.841600
-4.841800
-4.842000
-4.842200
-4.842400
-4.842600
-4.842800
-4.843000
-4.843200
-4.843400
-4.843600
-4.843800
-4.844000
-4.844200
-4.844400
-4.844600
-4.844800
-4.845000
-4.845200
-4.845400
-4.845600
-4.845800
-4.846000
-4.846200
-4.846400
-4.846600
-4.846800
-4.847000
-4.847200
-4.847400
-4.847600
-4.847800
-4.848000
-4.848200
-4.848400
-4.848600
-4.848800
-4.849000
-4.849200
-4.849400
-4.849600
-4.849800
-4.850000
-4.850200
-4.850400
-4.850600
-4.850800
-4.851000
-4.851200
-4.851400
-4.851600
-4.851800
-4.852000
-4.852200
-4.852400
-4.852600
-4.852800
-4.853000
-4.853200
-4.853400
-4.853600
-4.853800
-4.854000
-4.854200
-4.854400
-4.854600
-4.854800
-4.855000
-4.855200
-4.855400
-4.855600
-4.855800
-4.856000
-4.856200
-4.856400
-4.856600
-4.856800
-4.857000
-4.857200
-4.857400
-4.857600
-4.857800
-4.858000
-4.858200
-4.858400
-4.858600
-4.858800
-4.859000
-4.859200
-4.859400
-4.859600
-4.859800
-4.860000
-4.860200
-4.860400
-4.860600
-4.860800
-4.861000
-4.861200
-4.861400
-4.861600
-4.861800
-4.862000
-4.862200
-4.862400
-4.862600
-4.862800
-4.863000
-4.863200
-4.863400
-4.863600
-4.863800
-4.864000
-4.864200
-4.864400
-4.864600
-4.864800
-4.865000
-4.865200
-4.865400
-4.865600
-4.865800
-4.866000
-4.866200
-4.866400
-4.866600
-4.866800
-4.867000
-4.867200
-4.867400
-4.867600
-4.867800
-4.868000
-4.868200
-4.868400
-4.868600
-4.868800
-4.869000
-4.869200
-4.869400
-4.869600
-4.869800
-4.870000
-4.870200
-4.870400
-4.870600
-4.870800
-4.871000
-4.871200
-4.871400
-4.871600
-4.871800
-4.872000
-4.872200
-4.872400
-4.872600
-4.872800
-4.873000
-4.873200
-4.873400
-4.873600
-4.873800
-4.874000
-4.874200
-4.874400
-4.874600
-4.874800
-4.875000
-4.875200
-4.875400
-4.875600
-4.875800
-4.876000
-4.876200
-4.876400
-4.876600
-4.876800
-4.877000
-4.877200
-4.877400
-4.877600
-4.877800
-4.878000
-4.878200
-4.878400
-4.878600
-4.878800
-4.879000
-4.879200
-4.879400
-4.879600
-4.879800
-4.880000
-4.880200
-4.880400
-4.880600
-4.880800
-4.881000
-4.881200
-4.881400
-4.881600
-4.881800
-4.882000
-4.882200
-4.882400
-4.882600
-4.882800
-4.883000
-4.883200
-4.883400
-4.883600
-4.883800
-4.884000
-4.884200
-4.884400
-4.884600
-4.884800
-4.885000
-4.885200
-4.885400
-4.885600
-4.885800
-4.886000
-4.886200
-4.886400
-4.886600
-4.886800
-4.887000
-4.887200
-4.887400
-4.887600
-4.887800
-4.888000
-4.888200
-4.888400
-4.888600
-4.888800
-4.889000
-4.889200
-4.889400
-4.889600
-4.889800
-4.890000
-4.890200
-4.890400
-4.890600
-4.890800
-4.891000
-4.891200
-4.891400
-4.891600
-4.891800
-4.892000
-4.892200
-4.892400
-4.892600
-4.892800
-4.893000
-4.893200
-4.893400
-4.893600
-4.893800
-4.894000
-4.894200
-4.894400
-4.894600
-4.894800
-4.895000
-4.895200
-4.895400
-4.895600
-4.895800
-4.896000
-4.896200
-4.896400
-4.896600
-4.896800
-4.897000
-4.897200
-4.897400
-4.897600
-4.897800
-4.898000
-4.898200
-4.898400
-4.898600
-4.898800
-4.899000
-4.899200
-4.899400
-4.899600
-4.899800
-4.900000
-4.900200
-4.900400
-4.900600
-4.900800
-4.901000
-4.901200
-4.901400
-4.901600
-4.901800
-4.902000
-4.902200
-4.902400
-4.902600
-4.902800
-4.903000
-4.903200
-4.903400
-4.903600
-4.903800
-4.904000
-4.904200
-4.904400
-4.904600
-4.904800
-4.905000
-4.905200
-4.905400
-4.905600
-4.905800
-4.906000
-4.906200
-4.906400
-4.906600
-4.906800
-4.907000
-4.907200
-4.907400
-4.907600
-4.907800
-4.908000
-4.908200
-4.908400
-4.908600
-4.908800
-4.909000
-4.909200
-4.909400
-4.909600
-4.909800
-4.910000
-4.910200
-4.910400
-4.910600
-4.910800
-4.911000
-4.911200
-4.911400
-4.911600
-4.911800
-4.912000
-4.912200
-4.912400
-4.912600
-4.912800
-4.913000
-4.913200
-4.913400
-4.913600
-4.913800
-4.914000
-4.914200
-4.914400
-4.914600
-4.914800
-4.915000
-4.915200
-4.915400
-4.915600
-4.915800
-4.916000
-4.916200
-4.916400
-4.916600
-4.916800
-4.917000
-4.917200
-4.917400
-4.917600
-4.917800
-4.918000
-4.918200
-4.918400
-4.918600
-4.918800
-4.919000
-4.919200
-4.919400
-4.919600
-4.919800
-4.920000
-4.920200
-4.920400
-4.920600
-4.920800
-4.921000
-4.921200
-4.921400
-4.921600
-4.921800
-4.922000
-4.922200
-4.922400
-4.922600
-4.922800
-4.923000
-4.923200
-4.923400
-4.923600
-4.923800
-4.924000
-4.924200
-4.924400
-4.924600
-4.924800
-4.925000
-4.925200
-4.925400
-4.925600
-4.925800
-4.926000
-4.926200
-4.926400
-4.926600
-4.926800
-4.927000
-4.927200
-4.927400
-4.927600
-4.927800
-4.928000
-4.928200
-4.928400
-4.928600
-4.928800
-4.929000
-4.929200
-4.929400
-4.929600
-4.929800
-4.930000
-4.930200
-4.930400
-4.930600
-4.930800
-4.931000
-4.931200
-4.931400
-4.931600
-4.931800
-4.932000
-4.932200
-4.932400
-4.932600
-4.932800
-4.933000
-4.933200
-4.933400
-4.933600
-4.933800
-4.934000
-4.934200
-4.934400
-4.934600
-4.934800
-4.935000
-4.935200
-4.935400
-4.935600
-4.935800
-4.936000
-4.936200
-4.936400
-4.936600
-4.936800
-4.937000
-4.937200
-4.937400
-4.937600
-4.937800
-4.938000
-4.938200
-4.938400
-4.938600
-4.938800
-4.939000
-4.939200
-4.939400
-4.939600
-4.939800
-4.940000
-4.940200
-4.940400
-4.940600
-4.940800
-4.941000
-4.941200
-4.941400
-4.941600
-4.941800
-4.942000
-4.942200
-4.942400
-4.942600
-4.942800
-4.943000
-4.943200
-4.943400
-4.943600
-4.943800
-4.944000
-4.944200
-4.944400
-4.944600
-4.944800
-4.945000
-4.945200
-4.945400
-4.945600
-4.945800
-4.946000
-4.946200
-4.946400
-4.946600
-4.946800
-4.947000
-4.947200
-4.947400
-4.947600
-4.947800
-4.948000
-4.948200
-4.948400
-4.948600
-4.948800
-4.949000
-4.949200
-4.949400
-4.949600
-4.949800
-4.950000
-4.950200
-4.950400
-4.950600
-4.950800
-4.951000
-4.951200
-4.951400
-4.951600
-4.951800
-4.952000
-4.952200
-4.952400
-4.952600
-4.952800
-4.953000
-4.953200
-4.953400
-4.953600
-4.953800
-4.954000
-4.954200
-4.954400
-4.954600
-4.954800
-4.955000
-4.955200
-4.955400
-4.955600
-4.955800
-4.956000
-4.956200
-4.956400
-4.956600
-4.956800
-4.957000
-4.957200
-4.957400
-4.957600
-4.957800
-4.958000
-4.958200
-4.958400
-4.958600
-4.958800
-4.959000
-4.959200
-4.959400
-4.959600
-4.959800
-4.960000
-4.960200
-4.960400
-4.960600
-4.960800
-4.961000
-4.961200
-4.961400
-4.961600
-4.961800
-4.962000
-4.962200
-4.962400
-4.962600
-4.962800
-4.963000
-4.963200
-4.963400
-4.963600
-4.963800
-4.964000
-4.964200
-4.964400
-4.964600
-4.964800
-4.965000
-4.965200
-4.965400
-4.965600
-4.965800
-4.966000
-4.966200
-4.966400
-4.966600
-4.966800
-4.967000
-4.967200
-4.967400
-4.967600
-4.967800
-4.968000
-4.968200
-4.968400
-4.968600
-4.968800
-4.969000
-4.969200
-4.969400
-4.969600
-4.969800
-4.970000
-4.970200
-4.970400
-4.970600
-4.970800
-4.971000
-4.971200
-4.971400
-4.971600
-4.971800
-4.972000
-4.972200
-4.972400
-4.972600
-4.972800
-4.973000
-4.973200
-4.973400
-4.973600
-4.973800
-4.974000
-4.974200
-4.974400
-4.974600
-4.974800
-4.975000
-4.975200
-4.975400
-4.975600
-4.975800
-4.976000
-4.976200
-4.976400
-4.976600
-4.976800
-4.977000
-4.977200
-4.977400
-4.977600
-4.977800
-4.978000
-4.978200
-4.978400
-4.978600
-4.978800
-4.979000
-4.979200
-4.979400
-4.979600
-4.979800
-4.980000
-4.980200
-4.980400
-4.980600
-4.980800
-4.981000
-4.981200
-4.981400
-4.981600
-4.981800
-4.982000
-4.982200
-4.982400
-4.982600
-4.982800
-4.983000
-4.983200
-4.983400
-4.983600
-4.983800
-4.984000
-4.984200
-4.984400
-4.984600
-4.984800
-4.985000
-4.985200
-4.985400
-4.985600
-4.985800
-4.986000
-4.986200
-4.986400
-4.986600
-4.986800
-4.987000
-4.987200
-4.987400
-4.987600
-4.987800
-4.988000
-4.988200
-4.988400
-4.988600
-4.988800
-4.989000
-4.989200
-4.989400
-4.989600
-4.989800
-4.990000
-4.990200
-4.990400
-4.990600
-4.990800
-4.991000
-4.991200
-4.991400
-4.991600
-4.991800
-4.992000
-4.992200
-4.992400
-4.992600
-4.992800
-4.993000
-4.993200
-4.993400
-4.993600
-4.993800
-4.994000
-4.994200
-4.994400
-4.994600
-4.994800
-4.995000
-4.995200
-4.995400
-4.995600
-4.995800
-4.996000
-4.996200
-4.996400
-4.996600
-4.996800
-4.997000
-4.997200
-4.997400
-4.997600
-4.997800
-4.998000
-4.998200
-4.998400
-4.998600
-4.998800
-4.999000
-4.999200
-4.999400
-4.999600
-4.999800
-5.000000
