-2.000000
-1.999800
-1.999600
-1.999400
-1.999200
-1.999000
-1.998800
-1.998600
-1.998400
-1.998200
-1.998000
-1.997800
-1.997600
-1.997400
-1.997200
-1.997000
-1.996800
-1.996600
-1.996400
-1.996200
-1.996000
-1.995800
-1.995600
-1.995400
-1.995200
-1.995000
-1.994800
-1.994600
-1.994400
-1.994200
-1.994000
-1.993800
-1.993600
-1.993400
-1.993200
-1.993000
-1.992800
-1.992600
-1.992400
-1.992200
-1.992000
-1.991800
-1.991600
-1.991400
-1.991200
-1.991000
-1.990800
-1.990600
-1.990400
-1.990200
-1.990000
-1.989800
-1.989600
-1.989400
-1.989200
-1.989000
-1.988800
-1.988600
-1.988400
-1.988200
-1.988000
-1.987800
-1.987600
-1.987400
-1.987200
-1.987000
-1.986800
-1.986600
-1.986400
-1.986200
-1.986000
-1.985800
-1.985600
-1.985400
-1.985200
-1.985000
-1.984800
-1.984600
-1.984400
-1.984200
-1.984000
-1.983800
-1.983600
-1.983400
-1.983200
-1.983000
-1.982800
-1.982600
-1.982400
-1.982200
-1.982000
-1.981800
-1.981600
-1.981400
-1.981200
-1.981000
-1.980800
-1.980600
-1.980400
-1.980200
-1.980000
-1.979800
-1.979600
-1.979400
-1.979200
-1.979000
-1.978800
-1.978600
-1.978400
-1.978200
-1.978000
-1.977800
-1.977600
-1.977400
-1.977200
-1.977000
-1.976800
-1.976600
-1.976400
-1.976200
-1.976000
-1.975800
-1.975600
-1.975400
-1.975200
-1.975000
-1.974800
-1.974600
-1.974400
-1.974200
-1.974000
-1.973800
-1.973600
-1.973400
-1.973200
-1.973000
-1.972800
-1.972600
-1.972400
-1.972200
-1.972000
-1.971800
-1.971600
-1.971400
-1.971200
-1.971000
-1.970800
-1.970600
-1.970400
-1.970200
-1.970000
-1.969800
-1.969600
-1.969400
-1.969200
-1.969000
-1.968800
-1.968600
-1.968400
-1.968200
-1.968000
-1.967800
-1.967600
-1.967400
-1.967200
-1.967000
-1.966800
-1.966600
-1.966400
-1.966200
-1.966000
-1.965800
-1.965600
-1.965400
-1.965200
-1.965000
-1.964800
-1.964600
-1.964400
-1.964200
-1.964000
-1.963800
-1.963600
-1.963400
-1.963200
-1.963000
-1.962800
-1.962600
-1.962400
-1.962200
-1.962000
-1.961800
-1.961600
-1.961400
-1.961200
-1.961000
-1.960800
-1.960600
-1.960400
-1.960200
-1.960000
-1.959800
-1.959600
-1.959400
-1.959200
-1.959000
-1.958800
-1.958600
-1.958400
-1.958200
-1.958000
-1.957800
-1.957600
-1.957400
-1.957200
-1.957000
-1.956800
-1.956600
-1.956400
-1.956200
-1.956000
-1.955800
-1.955600
-1.955400
-1.955200
-1.955000
-1.954800
-1.954600
-1.954400
-1.954200
-1.954000
-1.953800
-1.953600
-1.953400
-1.953200
-1.953000
-1.952800
-1.952600
-1.952400
-1.952200
-1.952000
-1.951800
-1.951600
-1.951400
-1.951200
-1.951000
-1.950800
-1.950600
-1.950400
-1.950200
-1.950000
-1.949800
-1.949600
-1.949400
-1.949200
-1.949000
-1.948800
-1.948600
-1.948400
-1.948200
-1.948000
-1.947800
-1.947600
-1.947400
-1.947200
-1.947000
-1.946800
-1.946600
-1.946400
-1.946200
-1.946000
-1.945800
-1.945600
-1.945400
-1.945200
-1.945000
-1.944800
-1.944600
-1.944400
-1.944200
-1.944000
-1.943800
-1.943600
-1.943400
-1.943200
-1.943000
-1.942800
-1.942600
-1.942400
-1.942200
-1.942000
-1.941800
-1.941600
-1.941400
-1.941200
-1.941000
-1.940800
-1.940600
-1.940400
-1.940200
-1.940000
-1.939800
-1.939600
-1.939400
-1.939200
-1.939000
-1.938800
-1.938600
-1.938400
-1.938200
-1.938000
-1.937800
-1.937600
-1.937400
-1.937200
-1.937000
-1.936800
-1.936600
-1.936400
-1.936200
-1.936000
-1.935800
-1.935600
-1.935400
-1.935200
-1.935000
-1.934800
-1.934600
-1.934400
-1.934200
-1.934000
-1.933800
-1.933600
-1.933400
-1.933200
-1.933000
-1.932800
-1.932600
-1.932400
-1.932200
-1.932000
-1.931800
-1.931600
-1.931400
-1.931200
-1.931000
-1.930800
-1.930600
-1.930400
-1.930200
-1.930000
-1.929800
-1.929600
-1.929400
-1.929200
-1.929000
-1.928800
-1.928600
-1.928400
-1.928200
-1.928000
-1.927800
-1.927600
-1.927400
-1.927200
-1.927000
-1.926800
-1.926600
-1.926400
-1.926200
-1.926000
-1.925800
-1.925600
-1.925400
-1.925200
-1.925000
-1.924800
-1.924600
-1.924400
-1.924200
-1.924000
-1.923800
-1.923600
-1.923400
-1.923200
-1.923000
-1.922800
-1.922600
-1.922400
-1.922200
-1.922000
-1.921800
-1.921600
-1.921400
-1.921200
-1.921000
-1.920800
-1.920600
-1.920400
-1.920200
-1.920000
-1.919800
-1.919600
-1.919400
-1.919200
-1.919000
-1.918800
-1.918600
-1.918400
-1.918200
-1.918000
-1.917800
-1.917600
-1.917400
-1.917200
-1.917000
-1.916800
-1.916600
-1.916400
-1.916200
-1.916000
-1.915800
-1.915600
-1.915400
-1.915200
-1.915000
-1.914800
-1.914600
-1.914400
-1.914200
-1.914000
-1.913800
-1.913600
-1.913400
-1.913200
-1.913000
-1.912800
-1.912600
-1.912400
-1.912200
-1.912000
-1.911800
-1.911600
-1.911400
-1.911200
-1.911000
-1.910800
-1.910600
-1.910400
-1.910200
-1.910000
-1.909800
-1.909600
-1.909400
-1.909200
-1.909000
-1.908800
-1.908600
-1.908400
-1.908200
-1.908000
-1.907800
-1.907600
-1.907400
-1.907200
-1.907000
-1.906800
-1.906600
-1.906400
-1.906200
-1.906000
-1.905800
-1.905600
-1.905400
-1.905200
-1.905000
-1.904800
-1.904600
-1.904400
-1.904200
-1.904000
-1.903800
-1.903600
-1.903400
-1.903200
-1.903000
-1.902800
-1.902600
-1.902400
-1.902200
-1.902000
-1.901800
-1.901600
-1.901400
-1.901200
-1.901000
-1.900800
-1.900600
-1.900400
-1.900200
-1.900000
-1.899800
-1.899600
-1.899400
-1.899200
-1.899000
-1.898800
-1.898600
-1.898400
-1.898200
-1.898000
-1.897800
-1.897600
-1.897400
-1.897200
-1.897000
-1.896800
-1.896600
-1.896400
-1.896200
-1.896000
-1.895800
-1.895600
-1.895400
-1.895200
-1.895000
-1.894800
-1.894600
-1.894400
-1.894200
-1.894000
-1.893800
-1.893600
-1.893400
-1.893200
-1.893000
-1.892800
-1.892600
-1.892400
-1.892200
-1.892000
-1.891800
-1.891600
-1.891400
-1.891200
-1.891000
-1.890800
-1.890600
-1.890400
-1.890200
-1.890000
-1.889800
-1.889600
-1.889400
-1.889200
-1.889000
-1.888800
-1.888600
-1.888400
-1.888200
-1.888000
-1.887800
-1.887600
-1.887400
-1.887200
-1.887000
-1.886800
-1.886600
-1.886400
-1.886200
-1.886000
-1.885800
-1.885600
-1.885400
-1.885200
-1.885000
-1.884800
-1.884600
-1.884400
-1.884200
-1.884000
-1.883800
-1.883600
-1.883400
-1.883200
-1.883000
-1.882800
-1.882600
-1.882400
-1.882200
-1.882000
-1.881800
-1.881600
-1.881400
-1.881200
-1.881000
-1.880800
-1.880600
-1.880400
-1.880200
-1.880000
-1.879800
-1.879600
-1.879400
-1.879200
-1.879000
-1.878800
-1.878600
-1.878400
-1.878200
-1.878000
-1.877800
-1.877600
-1.877400
-1.877200
-1.877000
-1.876800
-1.876600
-1.876400
-1.876200
-1.876000
-1.875800
-1.875600
-1.875400
-1.875200
-1.875000
-1.874800
-1.874600
-1.874400
-1.874200
-1.874000
-1.873800
-1.873600
-1.873400
-1.873200
-1.873000
-1.872800
-1.872600
-1.872400
-1.872200
-1.872000
-1.871800
-1.871600
-1.871400
-1.871200
-1.871000
-1.870800
-1.870600
-1.870400
-1.870200
-1.870000
-1.869800
-1.869600
-1.869400
-1.869200
-1.869000
-1.868800
-1.868600
-1.868400
-1.868200
-1.868000
-1.867800
-1.867600
-1.867400
-1.867200
-1.867000
-1.866800
-1.866600
-1.866400
-1.866200
-1.866000
-1.865800
-1.865600
-1.865400
-1.865200
-1.865000
-1.864800
-1.864600
-1.864400
-1.864200
-1.864000
-1.863800
-1.863600
-1.863400
-1.863200
-1.863000
-1.862800
-1.862600
-1.862400
-1.862200
-1.862000
-1.861800
-1.861600
-1.861400
-1.861200
-1.861000
-1.860800
-1.860600
-1.860400
-1.860200
-1.860000
-1.859800
-1.859600
-1.859400
-1.859200
-1.859000
-1.858800
-1.858600
-1.858400
-1.858200
-1.858000
-1.857800
-1.857600
-1.857400
-1.857200
-1.857000
-1.856800
-1.856600
-1.856400
-1.856200
-1.856000
-1.855800
-1.855600
-1.855400
-1.855200
-1.855000
-1.854800
-1.854600
-1.854400
-1.854200
-1.854000
-1.853800
-1.853600
-1.853400
-1.853200
-1.853000
-1.852800
-1.852600
-1.852400
-1.852200
-1.852000
-1.851800
-1.851600
-1.851400
-1.851200
-1.851000
-1.850800
-1.850600
-1.850400
-1.850200
-1.850000
-1.849800
-1.849600
-1.849400
-1.849200
-1.849000
-1.848800
-1.848600
-1.848400
-1.848200
-1.848000
-1.847800
-1.847600
-1.847400
-1.847200
-1.847000
-1.846800
-1.846600
-1.846400
-1.846200
-1.846000
-1.845800
-1.845600
-1.845400
-1.845200
-1.845000
-1.844800
-1.844600
-1.844400
-1.844200
-1.844000
-1.843800
-1.843600
-1.843400
-1.843200
-1.843000
-1.842800
-1.842600
-1.842400
-1.842200
-1.842000
-1.841800
-1.841600
-1.841400
-1.841200
-1.841000
-1.840800
-1.840600
-1.840400
-1.840200
-1.840000
-1.839800
-1.839600
-1.839400
-1.839200
-1.839000
-1.838800
-1.838600
-1.838400
-1.838200
-1.838000
-1.837800
-1.837600
-1.837400
-1.837200
-1.837000
-1.836800
-1.836600
-1.836400
-1.836200
-1.836000
-1.835800
-1.835600
-1.835400
-1.835200
-1.835000
-1.834800
-1.834600
-1.834400
-1.834200
-1.834000
-1.833800
-1.833600
-1.833400
-1.833200
-1.833000
-1.832800
-1.832600
-1.832400
-1.832200
-1.832000
-1.831800
-1.831600
-1.831400
-1.831200
-1.831000
-1.830800
-1.830600
-1.830400
-1.830200
-1.830000
-1.829800
-1.829600
-1.829400
-1.829200
-1.829000
-1.828800
-1.828600
-1.828400
-1.828200
-1.828000
-1.827800
-1.827600
-1.827400
-1.827200
-1.827000
-1.826800
-1.826600
-1.826400
-1.826200
-1.826000
-1.825800
-1.825600
-1.825400
-1.825200
-1.825000
-1.824800
-1.824600
-1.824400
-1.824200
-1.824000
-1.823800
-1.823600
-1.823400
-1.823200
-1.823000
-1.822800
-1.822600
-1.822400
-1.822200
-1.822000
-1.821800
-1.821600
-1.821400
-1.821200
-1.821000
-1.820800
-1.820600
-1.820400
-1.820200
-1.820000
-1.819800
-1.819600
-1.819400
-1.819200
-1.819000
-1.818800
-1.818600
-1.818400
-1.818200
-1.818000
-1.817800
-1.817600
-1.817400
-1.817200
-1.817000
-1.816800
-1.816600
-1.816400
-1.816200
-1.816000
-1.815800
-1.815600
-1.815400
-1.815200
-1.815000
-1.814800
-1.814600
-1.814400
-1.814200
-1.814000
-1.813800
-1.813600
-1.813400
-1.813200
-1.813000
-1.812800
-1.812600
-1.812400
-1.812200
-1.812000
-1.811800
-1.811600
-1.811400
-1.811200
-1.811000
-1.810800
-1.810600
-1.810400
-1.810200
-1.810000
-1.809800
-1.809600
-1.809400
-1.809200
-1.809000
-1.808800
-1.808600
-1.808400
-1.808200
-1.808000
-1.807800
-1.807600
-1.807400
-1.807200
-1.807000
-1.806800
-1.806600
-1.806400
-1.806200
-1.806000
-1.805800
-1.805600
-1.805400
-1.805200
-1.805000
-1.804800
-1.804600
-1.804400
-1.804200
-1.804000
-1.803800
-1.803600
-1.803400
-1.803200
-1.803000
-1.802800
-1.802600
-1.802400
-1.802200
-1.802000
-1.801800
-1.801600
-1.801400
-1.801200
-1.801000
-1.800800
-1.800600
-1.800400
-1.800200
-1.800000
-1.799800
-1.799600
-1.799400
-1.799200
-1.799000
-1.798800
-1.798600
-1.798400
-1.798200
-1.798000
-1.797800
-1.797600
-1.797400
-1.797200
-1.797000
-1.796800
-1.796600
-1.796400
-1.796200
-1.796000
-1.795800
-1.795600
-1.795400
-1.795200
-1.795000
-1.794800
-1.794600
-1.794400
-1.794200
-1.794000
-1.793800
-1.793600
-1.793400
-1.793200
-1.793000
-1.792800
-1.792600
-1.792400
-1.792200
-1.792000
-1.791800
-1.791600
-1.791400
-1.791200
-1.791000
-1.790800
-1.790600
-1.790400
-1.790200
-1.790000
-1.789800
-1.789600
-1.789400
-1.789200
-1.789000
-1.788800
-1.788600
-1.788400
-1.788200
-1.788000
-1.787800
-1.787600
-1.787400
-1.787200
-1.787000
-1.786800
-1.786600
-1.786400
-1.786200
-1.786000
-1.785800
-1.785600
-1.785400
-1.785200
-1.785000
-1.784800
-1.784600
-1.784400
-1.784200
-1.784000
-1.783800
-1.783600
-1.783400
-1.783200
-1.783000
-1.782800
-1.782600
-1.782400
-1.782200
-1.782000
-1.781800
-1.781600
-1.781400
-1.781200
-1.781000
-1.780800
-1.780600
-1.780400
-1.780200
-1.780000
-1.779800
-1.779600
-1.779400
-1.779200
-1.779000
-1.778800
-1.778600
-1.778400
-1.778200
-1.778000
-1.777800
-1.777600
-1.777400
-1.777200
-1.777000
-1.776800
-1.776600
-1.776400
-1.776200
-1.776000
-1.775800
-1.775600
-1.775400
-1.775200
-1.775000
-1.774800
-1.774600
-1.774400
-1.774200
-1.774000
-1.773800
-1.773600
-1.773400
-1.773200
-1.773000
-1.772800
-1.772600
-1.772400
-1.772200
-1.772000
-1.771800
-1.771600
-1.771400
-1.771200
-1.771000
-1.770800
-1.770600
-1.770400
-1.770200
-1.770000
-1.769800
-1.769600
-1.769400
-1.769200
-1.769000
-1.768800
-1.768600
-1.768400
-1.768200
-1.768000
-1.767800
-1.767600
-1.767400
-1.767200
-1.767000
-1.766800
-1.766600
-1.766400
-1.766200
-1.766000
-1.765800
-1.765600
-1.765400
-1.765200
-1.765000
-1.764800
-1.764600
-1.764400
-1.764200
-1.764000
-1.763800
-1.763600
-1.763400
-1.763200
-1.763000
-1.762800
-1.762600
-1.762400
-1.762200
-1.762000
-1.761800
-1.761600
-1.761400
-1.761200
-1.761000
-1.760800
-1.760600
-1.760400
-1.760200
-1.760000
-1.759800
-1.759600
-1.759400
-1.759200
-1.759000
-1.758800
-1.758600
-1.758400
-1.758200
-1.758000
-1.757800
-1.757600
-1.757400
-1.757200
-1.757000
-1.756800
-1.756600
-1.756400
-1.756200
-1.756000
-1.755800
-1.755600
-1.755400
-1.755200
-1.755000
-1.754800
-1.754600
-1.754400
-1.754200
-1.754000
-1.753800
-1.753600
-1.753400
-1.753200
-1.753000
-1.752800
-1.752600
-1.752400
-1.752200
-1.752000
-1.751800
-1.751600
-1.751400
-1.751200
-1.751000
-1.750800
-1.750600
-1.750400
-1.750200
-1.750000
-1.749800
-1.749600
-1.749400
-1.749200
-1.749000
-1.748800
-1.748600
-1.748400
-1.748200
-1.748000
-1.747800
-1.747600
-1.747400
-1.747200
-1.747000
-1.746800
-1.746600
-1.746400
-1.746200
-1.746000
-1.745800
-1.745600
-1.745400
-1.745200
-1.745000
-1.744800
-1.744600
-1.744400
-1.744200
-1.744000
-1.743800
-1.743600
-1.743400
-1.743200
-1.743000
-1.742800
-1.742600
-1.742400
-1.742200
-1.742000
-1.741800
-1.741600
-1.741400
-1.741200
-1.741000
-1.740800
-1.740600
-1.740400
-1.740200
-1.740000
-1.739800
-1.739600
-1.739400
-1.739200
-1.739000
-1.738800
-1.738600
-1.738400
-1.738200
-1.738000
-1.737800
-1.737600
-1.737400
-1.737200
-1.737000
-1.736800
-1.736600
-1.736400
-1.736200
-1.736000
-1.735800
-1.735600
-1.735400
-1.735200
-1.735000
-1.734800
-1.734600
-1.734400
-1.734200
-1.734000
-1.733800
-1.733600
-1.733400
-1.733200
-1.733000
-1.732800
-1.732600
-1.732400
-1.732200
-1.732000
-1.731800
-1.731600
-1.731400
-1.731200
-1.731000
-1.730800
-1.730600
-1.730400
-1.730200
-1.730000
-1.729800
-1.729600
-1.729400
-1.729200
-1.729000
-1.728800
-1.728600
-1.728400
-1.728200
-1.728000
-1.727800
-1.727600
-1.727400
-1.727200
-1.727000
-1.726800
-1.726600
-1.726400
-1.726200
-1.726000
-1.725800
-1.725600
-1.725400
-1.725200
-1.725000
-1.724800
-1.724600
-1.724400
-1.724200
-1.724000
-1.723800
-1.723600
-1.723400
-1.723200
-1.723000
-1.722800
-1.722600
-1.722400
-1.722200
-1.722000
-1.721800
-1.721600
-1.721400
-1.721200
-1.721000
-1.720800
-1.720600
-1.720400
-1.720200
-1.720000
-1.719800
-1.719600
-1.719400
-1.719200
-1.719000
-1.718800
-1.718600
-1.718400
-1.718200
-1.718000
-1.717800
-1.717600
-1.717400
-1.717200
-1.717000
-1.716800
-1.716600
-1.716400
-1.716200
-1.716000
-1.715800
-1.715600
-1.715400
-1.715200
-1.715000
-1.714800
-1.714600
-1.714400
-1.714200
-1.714000
-1.713800
-1.713600
-1.713400
-1.713200
-1.713000
-1.712800
-1.712600
-1.712400
-1.712200
-1.712000
-1.711800
-1.711600
-1.711400
-1.711200
-1.711000
-1.710800
-1.710600
-1.710400
-1.710200
-1.710000
-1.709800
-1.709600
-1.709400
-1.709200
-1.709000
-1.708800
-1.708600
-1.708400
-1.708200
-1.708000
-1.707800
-1.707600
-1.707400
-1.707200
-1.707000
-1.706800
-1.706600
-1.706400
-1.706200
-1.706000
-1.705800
-1.705600
-1.705400
-1.705200
-1.705000
-1.704800
-1.704600
-1.704400
-1.704200
-1.704000
-1.703800
-1.703600
-1.703400
-1.703200
-1.703000
-1.702800
-1.702600
-1.702400
-1.702200
-1.702000
-1.701800
-1.701600
-1.701400
-1.701200
-1.701000
-1.700800
-1.700600
-1.700400
-1.700200
-1.700000
-1.699800
-1.699600
-1.699400
-1.699200
-1.699000
-1.698800
-1.698600
-1.698400
-1.698200
-1.698000
-1.697800
-1.697600
-1.697400
-1.697200
-1.697000
-1.696800
-1.696600
-1.696400
-1.696200
-1.696000
-1.695800
-1.695600
-1.695400
-1.695200
-1.695000
-1.694800
-1.694600
-1.694400
-1.694200
-1.694000
-1.693800
-1.693600
-1.693400
-1.693200
-1.693000
-1.692800
-1.692600
-1.692400
-1.692200
-1.692000
-1.691800
-1.691600
-1.691400
-1.691200
-1.691000
-1.690800
-1.690600
-1.690400
-1.690200
-1.690000
-1.689800
-1.689600
-1.689400
-1.689200
-1.689000
-1.688800
-1.688600
-1.688400
-1.688200
-1.688000
-1.687800
-1.687600
-1.687400
-1.687200
-1.687000
-1.686800
-1.686600
-1.686400
-1.686200
-1.686000
-1.685800
-1.685600
-1.685400
-1.685200
-1.685000
-1.684800
-1.684600
-1.684400
-1.684200
-1.684000
-1.683800
-1.683600
-1.683400
-1.683200
-1.683000
-1.682800
-1.682600
-1.682400
-1.682200
-1.682000
-1.681800
-1.681600
-1.681400
-1.681200
-1.681000
-1.680800
-1.680600
-1.680400
-1.680200
-1.680000
-1.679800
-1.679600
-1.679400
-1.679200
-1.679000
-1.678800
-1.678600
-1.678400
-1.678200
-1.678000
-1.677800
-1.677600
-1.677400
-1.677200
-1.677000
-1.676800
-1.676600
-1.676400
-1.676200
-1.676000
-1.675800
-1.675600
-1.675400
-1.675200
-1.675000
-1.674800
-1.674600
-1.674400
-1.674200
-1.674000
-1.673800
-1.673600
-1.673400
-1.673200
-1.673000
-1.672800
-1.672600
-1.672400
-1.672200
-1.672000
-1.671800
-1.671600
-1.671400
-1.671200
-1.671000
-1.670800
-1.670600
-1.670400
-1.670200
-1.670000
-1.669800
-1.669600
-1.669400
-1.669200
-1.669000
-1.668800
-1.668600
-1.668400
-1.668200
-1.668000
-1.667800
-1.667600
-1.667400
-1.667200
-1.667000
-1.666800
-1.666600
-1.666400
-1.666200
-1.666000
-1.665800
-1.665600
-1.665400
-1.665200
-1.665000
-1.664800
-1.664600
-1.664400
-1.664200
-1.664000
-1.663800
-1.663600
-1.663400
-1.663200
-1.663000
-1.662800
-1.662600
-1.662400
-1.662200
-1.662000
-1.661800
-1.661600
-1.661400
-1.661200
-1.661000
-1.660800
-1.660600
-1.660400
-1.660200
-1.660000
-1.659800
-1.659600
-1.659400
-1.659200
-1.659000
-1.658800
-1.658600
-1.658400
-1.658200
-1.658000
-1.657800
-1.657600
-1.657400
-1.657200
-1.657000
-1.656800
-1.656600
-1.656400
-1.656200
-1.656000
-1.655800
-1.655600
-1.655400
-1.655200
-1.655000
-1.654800
-1.654600
-1.654400
-1.654200
-1.654000
-1.653800
-1.653600
-1.653400
-1.653200
-1.653000
-1.652800
-1.652600
-1.652400
-1.652200
-1.652000
-1.651800
-1.651600
-1.651400
-1.651200
-1.651000
-1.650800
-1.650600
-1.650400
-1.650200
-1.650000
-1.649800
-1.649600
-1.649400
-1.649200
-1.649000
-1.648800
-1.648600
-1.648400
-1.648200
-1.648000
-1.647800
-1.647600
-1.647400
-1.647200
-1.647000
-1.646800
-1.646600
-1.646400
-1.646200
-1.646000
-1.645800
-1.645600
-1.645400
-1.645200
-1.645000
-1.644800
-1.644600
-1.644400
-1.644200
-1.644000
-1.643800
-1.643600
-1.643400
-1.643200
-1.643000
-1.642800
-1.642600
-1.642400
-1.642200
-1.642000
-1.641800
-1.641600
-1.641400
-1.641200
-1.641000
-1.640800
-1.640600
-1.640400
-1.640200
-1.640000
-1.639800
-1.639600
-1.639400
-1.639200
-1.639000
-1.638800
-1.638600
-1.638400
-1.638200
-1.638000
-1.637800
-1.637600
-1.637400
-1.637200
-1.637000
-1.636800
-1.636600
-1.636400
-1.636200
-1.636000
-1.635800
-1.635600
-1.635400
-1.635200
-1.635000
-1.634800
-1.634600
-1.634400
-1.634200
-1.634000
-1.633800
-1.633600
-1.633400
-1.633200
-1.633000
-1.632800
-1.632600
-1.632400
-1.632200
-1.632000
-1.631800
-1.631600
-1.631400
-1.631200
-1.631000
-1.630800
-1.630600
-1.630400
-1.630200
-1.630000
-1.629800
-1.629600
-1.629400
-1.629200
-1.629000
-1.628800
-1.628600
-1.628400
-1.628200
-1.628000
-1.627800
-1.627600
-1.627400
-1.627200
-1.627000
-1.626800
-1.626600
-1.626400
-1.626200
-1.626000
-1.625800
-1.625600
-1.625400
-1.625200
-1.625000
-1.624800
-1.624600
-1.624400
-1.624200
-1.624000
-1.623800
-1.623600
-1.623400
-1.623200
-1.623000
-1.622800
-1.622600
-1.622400
-1.622200
-1.622000
-1.621800
-1.621600
-1.621400
-1.621200
-1.621000
-1.620800
-1.620600
-1.620400
-1.620200
-1.620000
-1.619800
-1.619600
-1.619400
-1.619200
-1.619000
-1.618800
-1.618600
-1.618400
-1.618200
-1.618000
-1.617800
-1.617600
-1.617400
-1.617200
-1.617000
-1.616800
-1.616600
-1.616400
-1.616200
-1.616000
-1.615800
-1.615600
-1.615400
-1.615200
-1.615000
-1.614800
-1.614600
-1.614400
-1.614200
-1.614000
-1.613800
-1.613600
-1.613400
-1.613200
-1.613000
-1.612800
-1.612600
-1.612400
-1.612200
-1.612000
-1.611800
-1.611600
-1.611400
-1.611200
-1.611000
-1.610800
-1.610600
-1.610400
-1.610200
-1.610000
-1.609800
-1.609600
-1.609400
-1.609200
-1.609000
-1.608800
-1.608600
-1.608400
-1.608200
-1.608000
-1.607800
-1.607600
-1.607400
-1.607200
-1.607000
-1.606800
-1.606600
-1.606400
-1.606200
-1.606000
-1.605800
-1.605600
-1.605400
-1.605200
-1.605000
-1.604800
-1.604600
-1.604400
-1.604200
-1.604000
-1.603800
-1.603600
-1.603400
-1.603200
-1.603000
-1.602800
-1.602600
-1.602400
-1.602200
-1.602000
-1.601800
-1.601600
-1.601400
-1.601200
-1.601000
-1.600800
-1.600600
-1.600400
-1.600200
-1.600000
-1.599800
-1.599600
-1.599400
-1.599200
-1.599000
-1.598800
-1.598600
-1.598400
-1.598200
-1.598000
-1.597800
-1.597600
-1.597400
-1.597200
-1.597000
-1.596800
-1.596600
-1.596400
-1.596200
-1.596000
-1.595800
-1.595600
-1.595400
-1.595200
-1.595000
-1.594800
-1.594600
-1.594400
-1.594200
-1.594000
-1.593800
-1.593600
-1.593400
-1.593200
-1.593000
-1.592800
-1.592600
-1.592400
-1.592200
-1.592000
-1.591800
-1.591600
-1.591400
-1.591200
-1.591000
-1.590800
-1.590600
-1.590400
-1.590200
-1.590000
-1.589800
-1.589600
-1.589400
-1.589200
-1.589000
-1.588800
-1.588600
-1.588400
-1.588200
-1.588000
-1.587800
-1.587600
-1.587400
-1.587200
-1.587000
-1.586800
-1.586600
-1.586400
-1.586200
-1.586000
-1.585800
-1.585600
-1.585400
-1.585200
-1.585000
-1.584800
-1.584600
-1.584400
-1.584200
-1.584000
-1.583800
-1.583600
-1.583400
-1.583200
-1.583000
-1.582800
-1.582600
-1.582400
-1.582200
-1.582000
-1.581800
-1.581600
-1.581400
-1.581200
-1.581000
-1.580800
-1.580600
-1.580400
-1.580200
-1.580000
-1.579800
-1.579600
-1.579400
-1.579200
-1.579000
-1.578800
-1.578600
-1.578400
-1.578200
-1.578000
-1.577800
-1.577600
-1.577400
-1.577200
-1.577000
-1.576800
-1.576600
-1.576400
-1.576200
-1.576000
-1.575800
-1.575600
-1.575400
-1.575200
-1.575000
-1.574800
-1.574600
-1.574400
-1.574200
-1.574000
-1.573800
-1.573600
-1.573400
-1.573200
-1.573000
-1.572800
-1.572600
-1.572400
-1.572200
-1.572000
-1.571800
-1.571600
-1.571400
-1.571200
-1.571000
-1.570800
-1.570600
-1.570400
-1.570200
-1.570000
-1.569800
-1.569600
-1.569400
-1.569200
-1.569000
-1.568800
-1.568600
-1.568400
-1.568200
-1.568000
-1.567800
-1.567600
-1.567400
-1.567200
-1.567000
-1.566800
-1.566600
-1.566400
-1.566200
-1.566000
-1.565800
-1.565600
-1.565400
-1.565200
-1.565000
-1.564800
-1.564600
-1.564400
-1.564200
-1.564000
-1.563800
-1.563600
-1.563400
-1.563200
-1.563000
-1.562800
-1.562600
-1.562400
-1.562200
-1.562000
-1.561800
-1.561600
-1.561400
-1.561200
-1.561000
-1.560800
-1.560600
-1.560400
-1.560200
-1.560000
-1.559800
-1.559600
-1.559400
-1.559200
-1.559000
-1.558800
-1.558600
-1.558400
-1.558200
-1.558000
-1.557800
-1.557600
-1.557400
-1.557200
-1.557000
-1.556800
-1.556600
-1.556400
-1.556200
-1.556000
-1.555800
-1.555600
-1.555400
-1.555200
-1.555000
-1.554800
-1.554600
-1.554400
-1.554200
-1.554000
-1.553800
-1.553600
-1.553400
-1.553200
-1.553000
-1.552800
-1.552600
-1.552400
-1.552200
-1.552000
-1.551800
-1.551600
-1.551400
-1.551200
-1.551000
-1.550800
-1.550600
-1.550400
-1.550200
-1.550000
-1.549800
-1.549600
-1.549400
-1.549200
-1.549000
-1.548800
-1.548600
-1.548400
-1.548200
-1.548000
-1.547800
-1.547600
-1.547400
-1.547200
-1.547000
-1.546800
-1.546600
-1.546400
-1.546200
-1.546000
-1.545800
-1.545600
-1.545400
-1.545200
-1.545000
-1.544800
-1.544600
-1.544400
-1.544200
-1.544000
-1.543800
-1.543600
-1.543400
-1.543200
-1.543000
-1.542800
-1.542600
-1.542400
-1.542200
-1.542000
-1.541800
-1.541600
-1.541400
-1.541200
-1.541000
-1.540800
-1.540600
-1.540400
-1.540200
-1.540000
-1.539800
-1.539600
-1.539400
-1.539200
-1.539000
-1.538800
-1.538600
-1.538400
-1.538200
-1.538000
-1.537800
-1.537600
-1.537400
-1.537200
-1.537000
-1.536800
-1.536600
-1.536400
-1.536200
-1.536000
-1.535800
-1.535600
-1.535400
-1.535200
-1.535000
-1.534800
-1.534600
-1.534400
-1.534200
-1.534000
-1.533800
-1.533600
-1.533400
-1.533200
-1.533000
-1.532800
-1.532600
-1.532400
-1.532200
-1.532000
-1.531800
-1.531600
-1.531400
-1.531200
-1.531000
-1.530800
-1.530600
-1.530400
-1.530200
-1.530000
-1.529800
-1.529600
-1.529400
-1.529200
-1.529000
-1.528800
-1.528600
-1.528400
-1.528200
-1.528000
-1.527800
-1.527600
-1.527400
-1.527200
-1.527000
-1.526800
-1.526600
-1.526400
-1.526200
-1.526000
-1.525800
-1.525600
-1.525400
-1.525200
-1.525000
-1.524800
-1.524600
-1.524400
-1.524200
-1.524000
-1.523800
-1.523600
-1.523400
-1.523200
-1.523000
-1.522800
-1.522600
-1.522400
-1.522200
-1.522000
-1.521800
-1.521600
-1.521400
-1.521200
-1.521000
-1.520800
-1.520600
-1.520400
-1.520200
-1.520000
-1.519800
-1.519600
-1.519400
-1.519200
-1.519000
-1.518800
-1.518600
-1.518400
-1.518200
-1.518000
-1.517800
-1.517600
-1.517400
-1.517200
-1.517000
-1.516800
-1.516600
-1.516400
-1.516200
-1.516000
-1.515800
-1.515600
-1.515400
-1.515200
-1.515000
-1.514800
-1.514600
-1.514400
-1.514200
-1.514000
-1.513800
-1.513600
-1.513400
-1.513200
-1.513000
-1.512800
-1.512600
-1.512400
-1.512200
-1.512000
-1.511800
-1.511600
-1.511400
-1.511200
-1.511000
-1.510800
-1.510600
-1.510400
-1.510200
-1.510000
-1.509800
-1.509600
-1.509400
-1.509200
-1.509000
-1.508800
-1.508600
-1.508400
-1.508200
-1.508000
-1.507800
-1.507600
-1.507400
-1.507200
-1.507000
-1.506800
-1.506600
-1.506400
-1.506200
-1.506000
-1.505800
-1.505600
-1.505400
-1.505200
-1.505000
-1.504800
-1.504600
-1.504400
-1.504200
-1.504000
-1.503800
-1.503600
-1.503400
-1.503200
-1.503000
-1.502800
-1.502600
-1.502400
-1.502200
-1.502000
-1.501800
-1.501600
-1.501400
-1.501200
-1.501000
-1.500800
-1.500600
-1.500400
-1.500200
-1.500000
-1.499800
-1.499600
-1.499400
-1.499200
-1.499000
-1.498800
-1.498600
-1.498400
-1.498200
-1.498000
-1.497800
-1.497600
-1.497400
-1.497200
-1.497000
-1.496800
-1.496600
-1.496400
-1.496200
-1.496000
-1.495800
-1.495600
-1.495400
-1.495200
-1.495000
-1.494800
-1.494600
-1.494400
-1.494200
-1.494000
-1.493800
-1.493600
-1.493400
-1.493200
-1.493000
-1.492800
-1.492600
-1.492400
-1.492200
-1.492000
-1.491800
-1.491600
-1.491400
-1.491200
-1.491000
-1.490800
-1.490600
-1.490400
-1.490200
-1.490000
-1.489800
-1.489600
-1.489400
-1.489200
-1.489000
-1.488800
-1.488600
-1.488400
-1.488200
-1.488000
-1.487800
-1.487600
-1.487400
-1.487200
-1.487000
-1.486800
-1.486600
-1.486400
-1.486200
-1.486000
-1.485800
-1.485600
-1.485400
-1.485200
-1.485000
-1.484800
-1.484600
-1.484400
-1.484200
-1.484000
-1.483800
-1.483600
-1.483400
-1.483200
-1.483000
-1.482800
-1.482600
-1.482400
-1.482200
-1.482000
-1.481800
-1.481600
-1.481400
-1.481200
-1.481000
-1.480800
-1.480600
-1.480400
-1.480200
-1.480000
-1.479800
-1.479600
-1.479400
-1.479200
-1.479000
-1.478800
-1.478600
-1.478400
-1.478200
-1.478000
-1.477800
-1.477600
-1.477400
-1.477200
-1.477000
-1.476800
-1.476600
-1.476400
-1.476200
-1.476000
-1.475800
-1.475600
-1.475400
-1.475200
-1.475000
-1.474800
-1.474600
-1.474400
-1.474200
-1.474000
-1.473800
-1.473600
-1.473400
-1.473200
-1.473000
-1.472800
-1.472600
-1.472400
-1.472200
-1.472000
-1.471800
-1.471600
-1.471400
-1.471200
-1.471000
-1.470800
-1.470600
-1.470400
-1.470200
-1.470000
-1.469800
-1.469600
-1.469400
-1.469200
-1.469000
-1.468800
-1.468600
-1.468400
-1.468200
-1.468000
-1.467800
-1.467600
-1.467400
-1.467200
-1.467000
-1.466800
-1.466600
-1.466400
-1.466200
-1.466000
-1.465800
-1.465600
-1.465400
-1.465200
-1.465000
-1.464800
-1.464600
-1.464400
-1.464200
-1.464000
-1.463800
-1.463600
-1.463400
-1.463200
-1.463000
-1.462800
-1.462600
-1.462400
-1.462200
-1.462000
-1.461800
-1.461600
-1.461400
-1.461200
-1.461000
-1.460800
-1.460600
-1.460400
-1.460200
-1.460000
-1.459800
-1.459600
-1.459400
-1.459200
-1.459000
-1.458800
-1.458600
-1.458400
-1.458200
-1.458000
-1.457800
-1.457600
-1.457400
-1.457200
-1.457000
-1.456800
-1.456600
-1.456400
-1.456200
-1.456000
-1.455800
-1.455600
-1.455400
-1.455200
-1.455000
-1.454800
-1.454600
-1.454400
-1.454200
-1.454000
-1.453800
-1.453600
-1.453400
-1.453200
-1.453000
-1.452800
-1.452600
-1.452400
-1.452200
-1.452000
-1.451800
-1.451600
-1.451400
-1.451200
-1.451000
-1.450800
-1.450600
-1.450400
-1.450200
-1.450000
-1.449800
-1.449600
-1.449400
-1.449200
-1.449000
-1.448800
-1.448600
-1.448400
-1.448200
-1.448000
-1.447800
-1.447600
-1.447400
-1.447200
-1.447000
-1.446800
-1.446600
-1.446400
-1.446200
-1.446000
-1.445800
-1.445600
-1.445400
-1.445200
-1.445000
-1.444800
-1.444600
-1.444400
-1.444200
-1.444000
-1.443800
-1.443600
-1.443400
-1.443200
-1.443000
-1.442800
-1.442600
-1.442400
-1.442200
-1.442000
-1.441800
-1.441600
-1.441400
-1.441200
-1.441000
-1.440800
-1.440600
-1.440400
-1.440200
-1.440000
-1.439800
-1.439600
-1.439400
-1.439200
-1.439000
-1.438800
-1.438600
-1.438400
-1.438200
-1.438000
-1.437800
-1.437600
-1.437400
-1.437200
-1.437000
-1.436800
-1.436600
-1.436400
-1.436200
-1.436000
-1.435800
-1.435600
-1.435400
-1.435200
-1.435000
-1.434800
-1.434600
-1.434400
-1.434200
-1.434000
-1.433800
-1.433600
-1.433400
-1.433200
-1.433000
-1.432800
-1.432600
-1.432400
-1.432200
-1.432000
-1.431800
-1.431600
-1.431400
-1.431200
-1.431000
-1.430800
-1.430600
-1.430400
-1.430200
-1.430000
-1.429800
-1.429600
-1.429400
-1.429200
-1.429000
-1.428800
-1.428600
-1.428400
-1.428200
-1.428000
-1.427800
-1.427600
-1.427400
-1.427200
-1.427000
-1.426800
-1.426600
-1.426400
-1.426200
-1.426000
-1.425800
-1.425600
-1.425400
-1.425200
-1.425000
-1.424800
-1.424600
-1.424400
-1.424200
-1.424000
-1.423800
-1.423600
-1.423400
-1.423200
-1.423000
-1.422800
-1.422600
-1.422400
-1.422200
-1.422000
-1.421800
-1.421600
-1.421400
-1.421200
-1.421000
-1.420800
-1.420600
-1.420400
-1.420200
-1.420000
-1.419800
-1.419600
-1.419400
-1.419200
-1.419000
-1.418800
-1.418600
-1.418400
-1.418200
-1.418000
-1.417800
-1.417600
-1.417400
-1.417200
-1.417000
-1.416800
-1.416600
-1.416400
-1.416200
-1.416000
-1.415800
-1.415600
-1.415400
-1.415200
-1.415000
-1.414800
-1.414600
-1.414400
-1.414200
-1.414000
-1.413800
-1.413600
-1.413400
-1.413200
-1.413000
-1.412800
-1.412600
-1.412400
-1.412200
-1.412000
-1.411800
-1.411600
-1.411400
-1.411200
-1.411000
-1.410800
-1.410600
-1.410400
-1.410200
-1.410000
-1.409800
-1.409600
-1.409400
-1.409200
-1.409000
-1.408800
-1.408600
-1.408400
-1.408200
-1.408000
-1.407800
-1.407600
-1.407400
-1.407200
-1.407000
-1.406800
-1.406600
-1.406400
-1.406200
-1.406000
-1.405800
-1.405600
-1.405400
-1.405200
-1.405000
-1.404800
-1.404600
-1.404400
-1.404200
-1.404000
-1.403800
-1.403600
-1.403400
-1.403200
-1.403000
-1.402800
-1.402600
-1.402400
-1.402200
-1.402000
-1.401800
-1.401600
-1.401400
-1.401200
-1.401000
-1.400800
-1.400600
-1.400400
-1.400200
-1.400000
-1.399800
-1.399600
-1.399400
-1.399200
-1.399000
-1.398800
-1.398600
-1.398400
-1.398200
-1.398000
-1.397800
-1.397600
-1.397400
-1.397200
-1.397000
-1.396800
-1.396600
-1.396400
-1.396200
-1.396000
-1.395800
-1.395600
-1.395400
-1.395200
-1.395000
-1.394800
-1.394600
-1.394400
-1.394200
-1.394000
-1.393800
-1.393600
-1.393400
-1.393200
-1.393000
-1.392800
-1.392600
-1.392400
-1.392200
-1.392000
-1.391800
-1.391600
-1.391400
-1.391200
-1.391000
-1.390800
-1.390600
-1.390400
-1.390200
-1.390000
-1.389800
-1.389600
-1.389400
-1.389200
-1.389000
-1.388800
-1.388600
-1.388400
-1.388200
-1.388000
-1.387800
-1.387600
-1.387400
-1.387200
-1.387000
-1.386800
-1.386600
-1.386400
-1.386200
-1.386000
-1.385800
-1.385600
-1.385400
-1.385200
-1.385000
-1.384800
-1.384600
-1.384400
-1.384200
-1.384000
-1.383800
-1.383600
-1.383400
-1.383200
-1.383000
-1.382800
-1.382600
-1.382400
-1.382200
-1.382000
-1.381800
-1.381600
-1.381400
-1.381200
-1.381000
-1.380800
-1.380600
-1.380400
-1.380200
-1.380000
-1.379800
-1.379600
-1.379400
-1.379200
-1.379000
-1.378800
-1.378600
-1.378400
-1.378200
-1.378000
-1.377800
-1.377600
-1.377400
-1.377200
-1.377000
-1.376800
-1.376600
-1.376400
-1.376200
-1.376000
-1.375800
-1.375600
-1.375400
-1.375200
-1.375000
-1.374800
-1.374600
-1.374400
-1.374200
-1.374000
-1.373800
-1.373600
-1.373400
-1.373200
-1.373000
-1.372800
-1.372600
-1.372400
-1.372200
-1.372000
-1.371800
-1.371600
-1.371400
-1.371200
-1.371000
-1.370800
-1.370600
-1.370400
-1.370200
-1.370000
-1.369800
-1.369600
-1.369400
-1.369200
-1.369000
-1.368800
-1.368600
-1.368400
-1.368200
-1.368000
-1.367800
-1.367600
-1.367400
-1.367200
-1.367000
-1.366800
-1.366600
-1.366400
-1.366200
-1.366000
-1.365800
-1.365600
-1.365400
-1.365200
-1.365000
-1.364800
-1.364600
-1.364400
-1.364200
-1.364000
-1.363800
-1.363600
-1.363400
-1.363200
-1.363000
-1.362800
-1.362600
-1.362400
-1.362200
-1.362000
-1.361800
-1.361600
-1.361400
-1.361200
-1.361000
-1.360800
-1.360600
-1.360400
-1.360200
-1.360000
-1.359800
-1.359600
-1.359400
-1.359200
-1.359000
-1.358800
-1.358600
-1.358400
-1.358200
-1.358000
-1.357800
-1.357600
-1.357400
-1.357200
-1.357000
-1.356800
-1.356600
-1.356400
-1.356200
-1.356000
-1.355800
-1.355600
-1.355400
-1.355200
-1.355000
-1.354800
-1.354600
-1.354400
-1.354200
-1.354000
-1.353800
-1.353600
-1.353400
-1.353200
-1.353000
-1.352800
-1.352600
-1.352400
-1.352200
-1.352000
-1.351800
-1.351600
-1.351400
-1.351200
-1.351000
-1.350800
-1.350600
-1.350400
-1.350200
-1.350000
-1.349800
-1.349600
-1.349400
-1.349200
-1.349000
-1.348800
-1.348600
-1.348400
-1.348200
-1.348000
-1.347800
-1.347600
-1.347400
-1.347200
-1.347000
-1.346800
-1.346600
-1.346400
-1.346200
-1.346000
-1.345800
-1.345600
-1.345400
-1.345200
-1.345000
-1.344800
-1.344600
-1.344400
-1.344200
-1.344000
-1.343800
-1.343600
-1.343400
-1.343200
-1.343000
-1.342800
-1.342600
-1.342400
-1.342200
-1.342000
-1.341800
-1.341600
-1.341400
-1.341200
-1.341000
-1.340800
-1.340600
-1.340400
-1.340200
-1.340000
-1.339800
-1.339600
-1.339400
-1.339200
-1.339000
-1.338800
-1.338600
-1.338400
-1.338200
-1.338000
-1.337800
-1.337600
-1.337400
-1.337200
-1.337000
-1.336800
-1.336600
-1.336400
-1.336200
-1.336000
-1.335800
-1.335600
-1.335400
-1.335200
-1.335000
-1.334800
-1.334600
-1.334400
-1.334200
-1.334000
-1.333800
-1.333600
-1.333400
-1.333200
-1.333000
-1.332800
-1.332600
-1.332400
-1.332200
-1.332000
-1.331800
-1.331600
-1.331400
-1.331200
-1.331000
-1.330800
-1.330600
-1.330400
-1.330200
-1.330000
-1.329800
-1.329600
-1.329400
-1.329200
-1.329000
-1.328800
-1.328600
-1.328400
-1.328200
-1.328000
-1.327800
-1.327600
-1.327400
-1.327200
-1.327000
-1.326800
-1.326600
-1.326400
-1.326200
-1.326000
-1.325800
-1.325600
-1.325400
-1.325200
-1.325000
-1.324800
-1.324600
-1.324400
-1.324200
-1.324000
-1.323800
-1.323600
-1.323400
-1.323200
-1.323000
-1.322800
-1.322600
-1.322400
-1.322200
-1.322000
-1.321800
-1.321600
-1.321400
-1.321200
-1.321000
-1.320800
-1.320600
-1.320400
-1.320200
-1.320000
-1.319800
-1.319600
-1.319400
-1.319200
-1.319000
-1.318800
-1.318600
-1.318400
-1.318200
-1.318000
-1.317800
-1.317600
-1.317400
-1.317200
-1.317000
-1.316800
-1.316600
-1.316400
-1.316200
-1.316000
-1.315800
-1.315600
-1.315400
-1.315200
-1.315000
-1.314800
-1.314600
-1.314400
-1.314200
-1.314000
-1.313800
-1.313600
-1.313400
-1.313200
-1.313000
-1.312800
-1.312600
-1.312400
-1.312200
-1.312000
-1.311800
-1.311600
-1.311400
-1.311200
-1.311000
-1.310800
-1.310600
-1.310400
-1.310200
-1.310000
-1.309800
-1.309600
-1.309400
-1.309200
-1.309000
-1.308800
-1.308600
-1.308400
-1.308200
-1.308000
-1.307800
-1.307600
-1.307400
-1.307200
-1.307000
-1.306800
-1.306600
-1.306400
-1.306200
-1.306000
-1.305800
-1.305600
-1.305400
-1.305200
-1.305000
-1.304800
-1.304600
-1.304400
-1.304200
-1.304000
-1.303800
-1.303600
-1.303400
-1.303200
-1.303000
-1.302800
-1.302600
-1.302400
-1.302200
-1.302000
-1.301800
-1.301600
-1.301400
-1.301200
-1.301000
-1.300800
-1.300600
-1.300400
-1.300200
-1.300000
-1.299800
-1.299600
-1.299400
-1.299200
-1.299000
-1.298800
-1.298600
-1.298400
-1.298200
-1.298000
-1.297800
-1.297600
-1.297400
-1.297200
-1.297000
-1.296800
-1.296600
-1.296400
-1.296200
-1.296000
-1.295800
-1.295600
-1.295400
-1.295200
-1.295000
-1.294800
-1.294600
-1.294400
-1.294200
-1.294000
-1.293800
-1.293600
-1.293400
-1.293200
-1.293000
-1.292800
-1.292600
-1.292400
-1.292200
-1.292000
-1.291800
-1.291600
-1.291400
-1.291200
-1.291000
-1.290800
-1.290600
-1.290400
-1.290200
-1.290000
-1.289800
-1.289600
-1.289400
-1.289200
-1.289000
-1.288800
-1.288600
-1.288400
-1.288200
-1.288000
-1.287800
-1.287600
-1.287400
-1.287200
-1.287000
-1.286800
-1.286600
-1.286400
-1.286200
-1.286000
-1.285800
-1.285600
-1.285400
-1.285200
-1.285000
-1.284800
-1.284600
-1.284400
-1.284200
-1.284000
-1.283800
-1.283600
-1.283400
-1.283200
-1.283000
-1.282800
-1.282600
-1.282400
-1.282200
-1.282000
-1.281800
-1.281600
-1.281400
-1.281200
-1.281000
-1.280800
-1.280600
-1.280400
-1.280200
-1.280000
-1.279800
-1.279600
-1.279400
-1.279200
-1.279000
-1.278800
-1.278600
-1.278400
-1.278200
-1.278000
-1.277800
-1.277600
-1.277400
-1.277200
-1.277000
-1.276800
-1.276600
-1.276400
-1.276200
-1.276000
-1.275800
-1.275600
-1.275400
-1.275200
-1.275000
-1.274800
-1.274600
-1.274400
-1.274200
-1.274000
-1.273800
-1.273600
-1.273400
-1.273200
-1.273000
-1.272800
-1.272600
-1.272400
-1.272200
-1.272000
-1.271800
-1.271600
-1.271400
-1.271200
-1.271000
-1.270800
-1.270600
-1.270400
-1.270200
-1.270000
-1.269800
-1.269600
-1.269400
-1.269200
-1.269000
-1.268800
-1.268600
-1.268400
-1.268200
-1.268000
-1.267800
-1.267600
-1.267400
-1.267200
-1.267000
-1.266800
-1.266600
-1.266400
-1.266200
-1.266000
-1.265800
-1.265600
-1.265400
-1.265200
-1.265000
-1.264800
-1.264600
-1.264400
-1.264200
-1.264000
-1.263800
-1.263600
-1.263400
-1.263200
-1.263000
-1.262800
-1.262600
-1.262400
-1.262200
-1.262000
-1.261800
-1.261600
-1.261400
-1.261200
-1.261000
-1.260800
-1.260600
-1.260400
-1.260200
-1.260000
-1.259800
-1.259600
-1.259400
-1.259200
-1.259000
-1.258800
-1.258600
-1.258400
-1.258200
-1.258000
-1.257800
-1.257600
-1.257400
-1.257200
-1.257000
-1.256800
-1.256600
-1.256400
-1.256200
-1.256000
-1.255800
-1.255600
-1.255400
-1.255200
-1.255000
-1.254800
-1.254600
-1.254400
-1.254200
-1.254000
-1.253800
-1.253600
-1.253400
-1.253200
-1.253000
-1.252800
-1.252600
-1.252400
-1.252200
-1.252000
-1.251800
-1.251600
-1.251400
-1.251200
-1.251000
-1.250800
-1.250600
-1.250400
-1.250200
-1.250000
-1.249800
-1.249600
-1.249400
-1.249200
-1.249000
-1.248800
-1.248600
-1.248400
-1.248200
-1.248000
-1.247800
-1.247600
-1.247400
-1.247200
-1.247000
-1.246800
-1.246600
-1.246400
-1.246200
-1.246000
-1.245800
-1.245600
-1.245400
-1.245200
-1.245000
-1.244800
-1.244600
-1.244400
-1.244200
-1.244000
-1.243800
-1.243600
-1.243400
-1.243200
-1.243000
-1.242800
-1.242600
-1.242400
-1.242200
-1.242000
-1.241800
-1.241600
-1.241400
-1.241200
-1.241000
-1.240800
-1.240600
-1.240400
-1.240200
-1.240000
-1.239800
-1.239600
-1.239400
-1.239200
-1.239000
-1.238800
-1.238600
-1.238400
-1.238200
-1.238000
-1.237800
-1.237600
-1.237400
-1.237200
-1.237000
-1.236800
-1.236600
-1.236400
-1.236200
-1.236000
-1.235800
-1.235600
-1.235400
-1.235200
-1.235000
-1.234800
-1.234600
-1.234400
-1.234200
-1.234000
-1.233800
-1.233600
-1.233400
-1.233200
-1.233000
-1.232800
-1.232600
-1.232400
-1.232200
-1.232000
-1.231800
-1.231600
-1.231400
-1.231200
-1.231000
-1.230800
-1.230600
-1.230400
-1.230200
-1.230000
-1.229800
-1.229600
-1.229400
-1.229200
-1.229000
-1.228800
-1.228600
-1.228400
-1.228200
-1.228000
-1.227800
-1.227600
-1.227400
-1.227200
-1.227000
-1.226800
-1.226600
-1.226400
-1.226200
-1.226000
-1.225800
-1.225600
-1.225400
-1.225200
-1.225000
-1.224800
-1.224600
-1.224400
-1.224200
-1.224000
-1.223800
-1.223600
-1.223400
-1.223200
-1.223000
-1.222800
-1.222600
-1.222400
-1.222200
-1.222000
-1.221800
-1.221600
-1.221400
-1.221200
-1.221000
-1.220800
-1.220600
-1.220400
-1.220200
-1.220000
-1.219800
-1.219600
-1.219400
-1.219200
-1.219000
-1.218800
-1.218600
-1.218400
-1.218200
-1.218000
-1.217800
-1.217600
-1.217400
-1.217200
-1.217000
-1.216800
-1.216600
-1.216400
-1.216200
-1.216000
-1.215800
-1.215600
-1.215400
-1.215200
-1.215000
-1.214800
-1.214600
-1.214400
-1.214200
-1.214000
-1.213800
-1.213600
-1.213400
-1.213200
-1.213000
-1.212800
-1.212600
-1.212400
-1.212200
-1.212000
-1.211800
-1.211600
-1.211400
-1.211200
-1.211000
-1.210800
-1.210600
-1.210400
-1.210200
-1.210000
-1.209800
-1.209600
-1.209400
-1.209200
-1.209000
-1.208800
-1.208600
-1.208400
-1.208200
-1.208000
-1.207800
-1.207600
-1.207400
-1.207200
-1.207000
-1.206800
-1.206600
-1.206400
-1.206200
-1.206000
-1.205800
-1.205600
-1.205400
-1.205200
-1.205000
-1.204800
-1.204600
-1.204400
-1.204200
-1.204000
-1.203800
-1.203600
-1.203400
-1.203200
-1.203000
-1.202800
-1.202600
-1.202400
-1.202200
-1.202000
-1.201800
-1.201600
-1.201400
-1.201200
-1.201000
-1.200800
-1.200600
-1.200400
-1.200200
-1.200000
-1.199800
-1.199600
-1.199400
-1.199200
-1.199000
-1.198800
-1.198600
-1.198400
-1.198200
-1.198000
-1.197800
-1.197600
-1.197400
-1.197200
-1.197000
-1.196800
-1.196600
-1.196400
-1.196200
-1.196000
-1.195800
-1.195600
-1.195400
-1.195200
-1.195000
-1.194800
-1.194600
-1.194400
-1.194200
-1.194000
-1.193800
-1.193600
-1.193400
-1.193200
-1.193000
-1.192800
-1.192600
-1.192400
-1.192200
-1.192000
-1.191800
-1.191600
-1.191400
-1.191200
-1.191000
-1.190800
-1.190600
-1.190400
-1.190200
-1.190000
-1.189800
-1.189600
-1.189400
-1.189200
-1.189000
-1.188800
-1.188600
-1.188400
-1.188200
-1.188000
-1.187800
-1.187600
-1.187400
-1.187200
-1.187000
-1.186800
-1.186600
-1.186400
-1.186200
-1.186000
-1.185800
-1.185600
-1.185400
-1.185200
-1.185000
-1.184800
-1.184600
-1.184400
-1.184200
-1.184000
-1.183800
-1.183600
-1.183400
-1.183200
-1.183000
-1.182800
-1.182600
-1.182400
-1.182200
-1.182000
-1.181800
-1.181600
-1.181400
-1.181200
-1.181000
-1.180800
-1.180600
-1.180400
-1.180200
-1.180000
-1.179800
-1.179600
-1.179400
-1.179200
-1.179000
-1.178800
-1.178600
-1.178400
-1.178200
-1.178000
-1.177800
-1.177600
-1.177400
-1.177200
-1.177000
-1.176800
-1.176600
-1.176400
-1.176200
-1.176000
-1.175800
-1.175600
-1.175400
-1.175200
-1.175000
-1.174800
-1.174600
-1.174400
-1.174200
-1.174000
-1.173800
-1.173600
-1.173400
-1.173200
-1.173000
-1.172800
-1.172600
-1.172400
-1.172200
-1.172000
-1.171800
-1.171600
-1.171400
-1.171200
-1.171000
-1.170800
-1.170600
-1.170400
-1.170200
-1.170000
-1.169800
-1.169600
-1.169400
-1.169200
-1.169000
-1.168800
-1.168600
-1.168400
-1.168200
-1.168000
-1.167800
-1.167600
-1.167400
-1.167200
-1.167000
-1.166800
-1.166600
-1.166400
-1.166200
-1.166000
-1.165800
-1.165600
-1.165400
-1.165200
-1.165000
-1.164800
-1.164600
-1.164400
-1.164200
-1.164000
-1.163800
-1.163600
-1.163400
-1.163200
-1.163000
-1.162800
-1.162600
-1.162400
-1.162200
-1.162000
-1.161800
-1.161600
-1.161400
-1.161200
-1.161000
-1.160800
-1.160600
-1.160400
-1.160200
-1.160000
-1.159800
-1.159600
-1.159400
-1.159200
-1.159000
-1.158800
-1.158600
-1.158400
-1.158200
-1.158000
-1.157800
-1.157600
-1.157400
-1.157200
-1.157000
-1.156800
-1.156600
-1.156400
-1.156200
-1.156000
-1.155800
-1.155600
-1.155400
-1.155200
-1.155000
-1.154800
-1.154600
-1.154400
-1.154200
-1.154000
-1.153800
-1.153600
-1.153400
-1.153200
-1.153000
-1.152800
-1.152600
-1.152400
-1.152200
-1.152000
-1.151800
-1.151600
-1.151400
-1.151200
-1.151000
-1.150800
-1.150600
-1.150400
-1.150200
-1.150000
-1.149800
-1.149600
-1.149400
-1.149200
-1.149000
-1.148800
-1.148600
-1.148400
-1.148200
-1.148000
-1.147800
-1.147600
-1.147400
-1.147200
-1.147000
-1.146800
-1.146600
-1.146400
-1.146200
-1.146000
-1.145800
-1.145600
-1.145400
-1.145200
-1.145000
-1.144800
-1.144600
-1.144400
-1.144200
-1.144000
-1.143800
-1.143600
-1.143400
-1.143200
-1.143000
-1.142800
-1.142600
-1.142400
-1.142200
-1.142000
-1.141800
-1.141600
-1.141400
-1.141200
-1.141000
-1.140800
-1.140600
-1.140400
-1.140200
-1.140000
-1.139800
-1.139600
-1.139400
-1.139200
-1.139000
-1.138800
-1.138600
-1.138400
-1.138200
-1.138000
-1.137800
-1.137600
-1.137400
-1.137200
-1.137000
-1.136800
-1.136600
-1.136400
-1.136200
-1.136000
-1.135800
-1.135600
-1.135400
-1.135200
-1.135000
-1.134800
-1.134600
-1.134400
-1.134200
-1.134000
-1.133800
-1.133600
-1.133400
-1.133200
-1.133000
-1.132800
-1.132600
-1.132400
-1.132200
-1.132000
-1.131800
-1.131600
-1.131400
-1.131200
-1.131000
-1.130800
-1.130600
-1.130400
-1.130200
-1.130000
-1.129800
-1.129600
-1.129400
-1.129200
-1.129000
-1.128800
-1.128600
-1.128400
-1.128200
-1.128000
-1.127800
-1.127600
-1.127400
-1.127200
-1.127000
-1.126800
-1.126600
-1.126400
-1.126200
-1.126000
-1.125800
-1.125600
-1.125400
-1.125200
-1.125000
-1.124800
-1.124600
-1.124400
-1.124200
-1.124000
-1.123800
-1.123600
-1.123400
-1.123200
-1.123000
-1.122800
-1.122600
-1.122400
-1.122200
-1.122000
-1.121800
-1.121600
-1.121400
-1.121200
-1.121000
-1.120800
-1.120600
-1.120400
-1.120200
-1.120000
-1.119800
-1.119600
-1.119400
-1.119200
-1.119000
-1.118800
-1.118600
-1.118400
-1.118200
-1.118000
-1.117800
-1.117600
-1.117400
-1.117200
-1.117000
-1.116800
-1.116600
-1.116400
-1.116200
-1.116000
-1.115800
-1.115600
-1.115400
-1.115200
-1.115000
-1.114800
-1.114600
-1.114400
-1.114200
-1.114000
-1.113800
-1.113600
-1.113400
-1.113200
-1.113000
-1.112800
-1.112600
-1.112400
-1.112200
-1.112000
-1.111800
-1.111600
-1.111400
-1.111200
-1.111000
-1.110800
-1.110600
-1.110400
-1.110200
-1.110000
-1.109800
-1.109600
-1.109400
-1.109200
-1.109000
-1.108800
-1.108600
-1.108400
-1.108200
-1.108000
-1.107800
-1.107600
-1.107400
-1.107200
-1.107000
-1.106800
-1.106600
-1.106400
-1.106200
-1.106000
-1.105800
-1.105600
-1.105400
-1.105200
-1.105000
-1.104800
-1.104600
-1.104400
-1.104200
-1.104000
-1.103800
-1.103600
-1.103400
-1.103200
-1.103000
-1.102800
-1.102600
-1.102400
-1.102200
-1.102000
-1.101800
-1.101600
-1.101400
-1.101200
-1.101000
-1.100800
-1.100600
-1.100400
-1.100200
-1.100000
-1.099800
-1.099600
-1.099400
-1.099200
-1.099000
-1.098800
-1.098600
-1.098400
-1.098200
-1.098000
-1.097800
-1.097600
-1.097400
-1.097200
-1.097000
-1.096800
-1.096600
-1.096400
-1.096200
-1.096000
-1.095800
-1.095600
-1.095400
-1.095200
-1.095000
-1.094800
-1.094600
-1.094400
-1.094200
-1.094000
-1.093800
-1.093600
-1.093400
-1.093200
-1.093000
-1.092800
-1.092600
-1.092400
-1.092200
-1.092000
-1.091800
-1.091600
-1.091400
-1.091200
-1.091000
-1.090800
-1.090600
-1.090400
-1.090200
-1.090000
-1.089800
-1.089600
-1.089400
-1.089200
-1.089000
-1.088800
-1.088600
-1.088400
-1.088200
-1.088000
-1.087800
-1.087600
-1.087400
-1.087200
-1.087000
-1.086800
-1.086600
-1.086400
-1.086200
-1.086000
-1.085800
-1.085600
-1.085400
-1.085200
-1.085000
-1.084800
-1.084600
-1.084400
-1.084200
-1.084000
-1.083800
-1.083600
-1.083400
-1.083200
-1.083000
-1.082800
-1.082600
-1.082400
-1.082200
-1.082000
-1.081800
-1.081600
-1.081400
-1.081200
-1.081000
-1.080800
-1.080600
-1.080400
-1.080200
-1.080000
-1.079800
-1.079600
-1.079400
-1.079200
-1.079000
-1.078800
-1.078600
-1.078400
-1.078200
-1.078000
-1.077800
-1.077600
-1.077400
-1.077200
-1.077000
-1.076800
-1.076600
-1.076400
-1.076200
-1.076000
-1.075800
-1.075600
-1.075400
-1.075200
-1.075000
-1.074800
-1.074600
-1.074400
-1.074200
-1.074000
-1.073800
-1.073600
-1.073400
-1.073200
-1.073000
-1.072800
-1.072600
-1.072400
-1.072200
-1.072000
-1.071800
-1.071600
-1.071400
-1.071200
-1.071000
-1.070800
-1.070600
-1.070400
-1.070200
-1.070000
-1.069800
-1.069600
-1.069400
-1.069200
-1.069000
-1.068800
-1.068600
-1.068400
-1.068200
-1.068000
-1.067800
-1.067600
-1.067400
-1.067200
-1.067000
-1.066800
-1.066600
-1.066400
-1.066200
-1.066000
-1.065800
-1.065600
-1.065400
-1.065200
-1.065000
-1.064800
-1.064600
-1.064400
-1.064200
-1.064000
-1.063800
-1.063600
-1.063400
-1.063200
-1.063000
-1.062800
-1.062600
-1.062400
-1.062200
-1.062000
-1.061800
-1.061600
-1.061400
-1.061200
-1.061000
-1.060800
-1.060600
-1.060400
-1.060200
-1.060000
-1.059800
-1.059600
-1.059400
-1.059200
-1.059000
-1.058800
-1.058600
-1.058400
-1.058200
-1.058000
-1.057800
-1.057600
-1.057400
-1.057200
-1.057000
-1.056800
-1.056600
-1.056400
-1.056200
-1.056000
-1.055800
-1.055600
-1.055400
-1.055200
-1.055000
-1.054800
-1.054600
-1.054400
-1.054200
-1.054000
-1.053800
-1.053600
-1.053400
-1.053200
-1.053000
-1.052800
-1.052600
-1.052400
-1.052200
-1.052000
-1.051800
-1.051600
-1.051400
-1.051200
-1.051000
-1.050800
-1.050600
-1.050400
-1.050200
-1.050000
-1.049800
-1.049600
-1.049400
-1.049200
-1.049000
-1.048800
-1.048600
-1.048400
-1.048200
-1.048000
-1.047800
-1.047600
-1.047400
-1.047200
-1.047000
-1.046800
-1.046600
-1.046400
-1.046200
-1.046000
-1.045800
-1.045600
-1.045400
-1.045200
-1.045000
-1.044800
-1.044600
-1.044400
-1.044200
-1.044000
-1.043800
-1.043600
-1.043400
-1.043200
-1.043000
-1.042800
-1.042600
-1.042400
-1.042200
-1.042000
-1.041800
-1.041600
-1.041400
-1.041200
-1.041000
-1.040800
-1.040600
-1.040400
-1.040200
-1.040000
-1.039800
-1.039600
-1.039400
-1.039200
-1.039000
-1.038800
-1.038600
-1.038400
-1.038200
-1.038000
-1.037800
-1.037600
-1.037400
-1.037200
-1.037000
-1.036800
-1.036600
-1.036400
-1.036200
-1.036000
-1.035800
-1.035600
-1.035400
-1.035200
-1.035000
-1.034800
-1.034600
-1.034400
-1.034200
-1.034000
-1.033800
-1.033600
-1.033400
-1.033200
-1.033000
-1.032800
-1.032600
-1.032400
-1.032200
-1.032000
-1.031800
-1.031600
-1.031400
-1.031200
-1.031000
-1.030800
-1.030600
-1.030400
-1.030200
-1.030000
-1.029800
-1.029600
-1.029400
-1.029200
-1.029000
-1.028800
-1.028600
-1.028400
-1.028200
-1.028000
-1.027800
-1.027600
-1.027400
-1.027200
-1.027000
-1.026800
-1.026600
-1.026400
-1.026200
-1.026000
-1.025800
-1.025600
-1.025400
-1.025200
-1.025000
-1.024800
-1.024600
-1.024400
-1.024200
-1.024000
-1.023800
-1.023600
-1.023400
-1.023200
-1.023000
-1.022800
-1.022600
-1.022400
-1.022200
-1.022000
-1.021800
-1.021600
-1.021400
-1.021200
-1.021000
-1.020800
-1.020600
-1.020400
-1.020200
-1.020000
-1.019800
-1.019600
-1.019400
-1.019200
-1.019000
-1.018800
-1.018600
-1.018400
-1.018200
-1.018000
-1.017800
-1.017600
-1.017400
-1.017200
-1.017000
-1.016800
-1.016600
-1.016400
-1.016200
-1.016000
-1.015800
-1.015600
-1.015400
-1.015200
-1.015000
-1.014800
-1.014600
-1.014400
-1.014200
-1.014000
-1.013800
-1.013600
-1.013400
-1.013200
-1.013000
-1.012800
-1.012600
-1.012400
-1.012200
-1.012000
-1.011800
-1.011600
-1.011400
-1.011200
-1.011000
-1.010800
-1.010600
-1.010400
-1.010200
-1.010000
-1.009800
-1.009600
-1.009400
-1.009200
-1.009000
-1.008800
-1.008600
-1.008400
-1.008200
-1.008000
-1.007800
-1.007600
-1.007400
-1.007200
-1.007000
-1.006800
-1.006600
-1.006400
-1.006200
-1.006000
-1.005800
-1.005600
-1.005400
-1.005200
-1.005000
-1.004800
-1.004600
-1.004400
-1.004200
-1.004000
-1.003800
-1.003600
-1.003400
-1.003200
-1.003000
-1.002800
-1.002600
-1.002400
-1.002200
-1.002000
-1.001800
-1.001600
-1.001400
-1.001200
-1.001000
-1.000800
-1.000600
-1.000400
-1.000200
-1.000000
